5 1 696.0617194179598 508.1542476085607 721.3742194179598 507.2167476085607 722.9367194179598 534.0917476085607 696.3742194179598 534.7167476085607
5 2 934.8117194179599 475.6542476085607 964.1056652220501 475.0309721659205 964.1867194179599 475.0292476085607 964.1875044465448 475.04921473167894 964.4905975441881 482.7583571921391 964.1056652220501 482.7721047750726 934.7033635016348 483.82218697937316
5 3 1207.9367194179597 482.8417476085607 1213.6192819555945 482.74703823293345 1218.219437385203 482.67036897577333 1226.6867194179597 482.5292476085607 1227.3117194179597 508.4667476085607 1219.8554296616871 508.71529060043645 1214.5570964695512 508.891901706841 1208.5617194179597 509.0917476085607
5 4 1216.6867194179597 448.2236920530051 1217.7002431756798 448.17215694668033 1233.0756083068486 447.3903587196718 1234.1867194179597 460.1681364974495 1217.6147789041004 461.50458331308334 1216.9644971957375 461.5570253863384
5 5 1238.6311638624043 450.1681364974495 1242.436913375673 449.77780321403736 1247.0365516150837 449.30604544589266 1251.0030864203 448.89922136330637 1256.7940425973975 448.3052771400143 1260.2978305290708 447.9459142752273 1260.020052751293 448.2236920530051 1262.2422749735151 479.8903587196718 1258.6161238479174 479.9330193211494 1252.8474000732722 480.0008866596746 1238.6311638624043 480.16813649744955
4 6 1176.597108238329 423.87284013828173 1187.534608238329 423.87284013828173 1187.534608238329 429.8048813202306 1187.534608238329 434.87213136307736 1187.534608238329 450.12284013828173 1177.222108238329 450.74784013828173
4 7 1238.784608238329 486.06034013828173 1250.034608238329 486.37284013828173 1249.097108238329 511.37284013828173 1238.784608238329 512.3103401382817
4 8 1135.3471082383287 492.62284013828173 1143.4721082383287 492.31034013828173 1143.7846082383287 514.1853401382817 1136.2846082383287 514.1853401382817
4 9 1076.284608238329 508.2478401382817 1084.097108238329 507.9353401382817 1084.097108238329 524.4978401382816 1077.222108238329 524.4978401382816
4 10 697.8471082383289 463.56034013828173 714.0971082383289 463.56034013828173 716.2846082383289 499.81034013828173 698.7846082383289 499.49784013828173
4 11 443.78460823832893 339.4978401382816 461.59710823832893 339.8103401382816 461.28460823832893 384.1853401382816 443.78460823832893 386.0603401382816 443.78460823832893 355.92498334023867 443.78460823832893 351.74983811060247
4 12 446.7903144388124 459.2412173743054 452.62364777214566 459.2412173743054 453.7347588832568 480.63010626319425 446.7903144388124 480.907884040972
4 13 247.39532819166567 480.1539545587324 257.05050060545875 480.1539545587324 258.7746385364932 509.80912697252546 247.7401557778726 509.46429938631854
7 14 158.16693679491792 581.7141922967486 155.43966406764523 425.80510138765754 160.31430717151852 426.4410529334764 161.80330043128154 581.2596468422031
7 15 443.78460823832893 355.92498334023867 443.78460823832893 351.74983811060247 432.95645678094934 352.96991151425084 425.941295073942 353.76035226997 409.42770057576786 357.48922844697705 380.0153691480161 364.13072264034037 340.7561098887569 382.2788707884885 272.9783321109792 419.3159078255255 271.86722099986804 404.5010930107107 266.3116654443125 404.5010930107107 267.4227765554236 431.5381300477477 265.9487024813496 565.7043941379247 271.12648025912733 565.6122041218216 272.9783321109792 431.9085004181181 273.7190728517199 424.5010930107107 322.23759137023836 398.20479671441444 363.34870248134945 375.61220412182183 403.3487024813494 363.0196115292293 409.42770057576786 361.7114726987848 432.6079617406087 356.723315232933 433.22778047307787 356.67904246632804
7 16 448.13210195224883 482.923050682668 450.63210195224883 568.235550682668 454.38210195224883 568.235550682668 451.88210195224883 483.235550682668
7 19 545.4229015414476 583.5518967670247 542.4166751257866 576.3772155918942 540.8758655771398 568.5968548287583 535.5381997969055 490.1310249252917 536.6810569397627 408.1310249252917 530.6274297579114 408.74288222336463 531.8487411074468 439.23562402989074 533.2524855111913 517.8453106395773 534.3953426540484 564.7024534967202 533.3025806932138 570.328622394634 531.4800383964681 576.0137972695784 531.2597742473341 580.4662848651466 532.0761007779463 582.7111828243302 536.9564268470599 583.2132377792491
7 20 1260.0125098516646 561.5853466531867 1260.0093357775909 561.3997457272607 1258.6161238479174 479.9330193211494 1252.8474000732722 480.0008866596746 1254.8125098516646 561.5853466531867
7 21 1347.8650358393706 594.2642576384142 1337.8650358393706 332.7642576384145 1343.8650358393706 333.7642576384145 1354.3650358393706 597.7642576384142
7 22 1281.8650358393706 529.7642576384143 1276.3650358393706 410.2642576384144 1269.3650358393706 405.2642576384144 1269.7372580615931 386.69698047113707 1265.094400918736 382.7684090425657 1262.9515437758787 375.9826947568514 1262.9515437758787 375.9826947568514 1265.094400918736 373.4826947568514 1265.094400918736 373.4826947568514 1265.8086866330216 357.76840904256574 1267.9515437758787 351.6969804711371 1270.4515437758787 343.12555189970857 1270.4515437758787 343.12555189970857 1277.594400918736 343.12555189970857 1279.0229723473074 352.05412332828 1281.1658294901645 355.62555189970857 1283.3086866330216 358.12555189970857 1289.737258061593 358.12555189970857 1290.4515437758787 360.9826947568514 1286.8801152044502 364.91126618542285 1284.3801152044502 367.05412332827996 1284.3801152044502 367.05412332827996 1288.6658294901645 369.91126618542285 1287.237258061593 381.6969804711371 1286.5229723473074 404.19698047113707 1280.8086866330216 410.98269475685134 1286.8801152044502 530.6255518997084
7 25 1220.0440425973977 422.7894471586949 1216.7940425973977 420.0394471586949 1214.5440425973977 416.5394471586949 1213.0440425973977 412.539447158695 1211.2940425973977 413.289447158695 1211.2940425973977 419.039447158695 1209.2940425973977 420.289447158695 1207.7940425973977 423.039447158695 1207.9411014209272 428.0394471586949 1208.0402225634418 431.4095660041957 1208.0440425973977 431.539447158695 1212.0440425973977 432.789447158695 1213.6192819555945 482.74703823293345 1218.219437385203 482.67036897577333 1217.5440425973977 472.5394471586949 1217.6147789041004 461.50458331308334 1216.9644971957375 461.5570253863384 1216.6867194179597 448.2236920530051 1217.7002431756798 448.17215694668033 1217.7940425973977 433.5394471586949 1218.2703739583444 432.79092644863573 1219.5440425973977 430.7894471586949 1219.6055956277007 429.8045986738464
7 26 1222.5440425973977 562.0394471586948 1222.4699671783235 560.5702846803902 1219.8554296616871 508.71529060043645 1214.5570964695512 508.891901706841 1215.0440425973977 522.0394471586949 1217.4354107397396 560.7796110646316 1217.5440425973977 562.5394471586948
7 27 1208.0402225634418 431.4095660041957 1207.9411014209272 428.0394471586949 1201.2966048661053 428.0394471586949 1201.2940425973977 428.0394471586949 1201.2979111207405 428.0645925604235 1201.7940425973977 431.2894471586949
7 28 1242.436913375673 449.77780321403736 1221.0440425973977 433.7894471586949 1218.2703739583444 432.79092644863573 1219.5440425973977 430.7894471586949 1219.6055956277007 429.8045986738464 1221.0440425973977 430.0394471586949 1223.5440425973977 431.0394471586949 1237.5440425973977 441.5394471586949 1247.0365516150837 449.30604544589266
7 29 1256.7940425973975 448.3052771400143 1256.7940425973975 445.7894471586949 1254.0440425973975 440.2894471586949 1250.5440425973975 440.7894471586949 1251.0030864203 448.89922136330637
5 30 1202.7695422750244 456.39349228038395 1201.2979111207405 428.0645925604235 1201.2940425973977 428.0394471586949 1201.2966048661053 428.0394471586949 1201.0674146154497 423.6275348335755 1191.7057124877902 424.0530667484691 1191.890032929871 429.61954409931394 1192.061020813183 434.78337817533514 1192.7695422750244 456.1807263229372
7 31 1192.061020813183 434.78337817533514 1191.890032929871 429.61954409931394 1187.534608238329 429.8048813202306 1187.534608238329 434.87213136307736
4 32 1187.0642738663457 471.8629870904783 1188.2071310092028 506.14870137619266 1177.278660407411 506.42191314123744 1176.7785595806313 506.43441566190694 1174.9123885769138 473.90972102568816 1174.7785595806313 471.57727280476405
7 33 1177.278660407411 506.42191314123744 1176.7785595806313 506.43441566190694 1174.9123885769138 473.90972102568816 1172.9666999501565 473.92209140965673 1172.9666999501565 473.92209140965673 1173.34998815206 510.14870137619266 1172.7785595806313 568.1487013761928 1176.7785595806313 568.434415661907
5 34 727.2204462851926 514.5427613947768 749.8871129518593 514.5427613947768 749.5537796185259 537.2094280614435 739.2576558775623 538.504224394573 735.0716093659345 539.2018988131776 730.2204462851926 539.2094280614435 730.8871129518593 532.5427613947768 726.5537796185259 532.2094280614435
7 35 739.2576558775623 538.504224394573 735.0716093659345 539.2018988131776 735.6413582713159 579.4748344394228 735.996289393697 582.5743474162824 739.1969138268714 584.5859455505339 739.1969138268714 584.5859455505339 739.208274467102 575.9672399042328
5 36 968.5331507356775 473.39665506447955 968.5944273690907 476.03155030124515 968.7459166931243 482.5455912346923 982.6023495168874 481.9517441136739 983.6395337144008 481.9072933623519 983.421917882019 479.676731080438 982.7884698846136 473.1838891070327 969.0869321521262 473.3883896702042
7 37 1012.3554458239255 575.9921562436748 1012.3526747907384 575.93754143904 1007.894852863337 488.07750612830944 1004.9044654317684 488.73725428289026 1001.9632889611802 488.3450974201452 984.1201517062782 479.5215680083804 983.421917882019 479.676731080438 983.6395337144008 481.9072933623519 1004.9044654317684 492.2666660475961 1005.8848575886311 505.5999993809295 1009.0112734661577 575.7489556329243 1009.0221124905922 575.9921562436748
1 38 594.8217691526879 768.6612643553437 594.4650061546226 728.7038085720312 594.3672236981424 717.7521734462528 593.003587334506 691.3885370826164 590.2763146072333 676.3885370826163 586.6399509708697 670.4794461735254 579.3672236981424 660.4794461735254 558.3698823298333 654.4295137284319 561.2731081362849 650.235965341335 562.2408500717688 643.7843524381093 561.2731081362849 635.3972556639158 558.6924629749947 632.1714492123028 551.2731081362849 629.5908040510125 539.0150436201559 629.5908040510125 535.4666565233817 631.8488685671415 535.789237168543 635.0746750187544 529.2227848833585 627.0636032308294 519.6602049104785 615.3972556639156 503.53117265241394 600.235965341335 483.5311726524139 584.7520943735931 473.85375329757517 577.6553201800447 462.2408500717687 571.2037072768188 450.62794684596224 568.6230621155285 442.5718822898581 568.484164450768 413.2085920072525 567.9779008252059 389.4455289284005 567.7323179315658 365.19375346036077 567.4816843673832 359.39782744837163 567.4217855118937 359.2157085466266 567.4199033771399 266.9934863244042 566.8643478215843 207.5490418799596 569.6421255993621 185.3268196577373 578.531014488251 171.99348632440393 582.9754589326955 164.21570854662616 586.3087922660288 158.66015299107056 590.1976811549177 156.43793076884833 594.6421255993621 158.10459743551502 601.3087922660288 144.77126410218165 618.5310144882511 139.56846766007473 630.0319329392242 134.21570854662605 641.8643478215845 130.88237521329273 646.8643478215845 125.88237521329273 650.1976811549179 116.43793076884839 662.9754589326957 114.21570854662616 674.0865700438069 113.10459743551502 688.5310144882513 110.73086006177775 712.297627991707 108.45813278905044 724.5703552644343 109.82176915268681 748.206718900798 114.36722369814134 780.933991628071 115.73086006177772 798.2067189007984 123.45813278905047 816.843082537162 131.57503057373333 842.353332717594 133.00358733450503 846.8430825371621 137.23365200588955 851.8866211838128 144.8217691526869 860.9339916280712 173.00358733450514 875.9339916280712 391.6399509708693 915.0249007189805 409.367223698142 914.570355264435 422.54904187996016 912.7521734462532 585.2763146072333 805.9339916280711 590.7308600617788 795.9339916280711
1 39 767.1883592634388 694.7634347280231 725.6732077482873 726.5816165462049 715.6732077482873 729.611919576508 602.9459350210144 730.8240407886292 594.4650061546226 728.7038085720312 594.3672236981424 717.7521734462528 593.003587334506 691.3885370826164 590.2763146072333 676.3885370826163 586.6399509708697 670.4794461735254 579.3672236981424 660.4794461735254 558.3698823298333 654.4295137284319 561.2731081362849 650.235965341335 562.2408500717688 643.7843524381093 561.2731081362849 635.3972556639158 558.6924629749947 632.1714492123028 551.2731081362849 629.5908040510125 539.0150436201559 629.5908040510125 535.4666565233817 631.8488685671415 535.789237168543 635.0746750187544 529.2227848833585 627.0636032308294 531.733813808893 615.0664650310533 535.0671471422264 602.9452529098412 541.1277532028325 591.73313169772 545.4229015414476 583.5518967670247 547.4913895664689 579.6119195765078 553.8550259301053 568.0967680613563 560.2186622937417 562.0361620007503 568.4004804755598 559.9149498795382 590.5216925967719 557.4907074552957 616.8853289604083 555.9755559401442 617.7944198694993 552.9452529098412 620.521692596772 549.9149498795382 622.6429047179842 551.73313169772 624.872921477478 555.6036435783124 649.6644946091606 556.4585254104393 679.8667971196083 557.4999841176962 680.6421522467089 557.5267205013893 690.5216925967723 558.702828667417 707.4913895664693 561.4301013946896 722.0368441119238 565.0664650310532 735.6413582713159 579.4748344394228 735.996289393697 582.5743474162824 739.1969138268714 584.5859455505339 741.4307835058632 586.2785862431745 751.4307835058632 595.0664650310533 763.5519956270753 595.3694953340836 766.5822986573784 596.5816165462048 769.0065410816208 601.1270710916593 768.0974501725299 606.8846468492352 762.6429047179844 609.0058589704472 755.3701774452571 608.702828667417 760.218662293742 614.763434728023 769.0065410816208 625.3694953340837 769.9156319907117 633.8543438189322 769.309571384651 649.3088892734776 769.9384655776914 658.4907444918682 770.8247228998025 671.4301013946897
1 40 823.2400002903498 596.0856064395556 819.9066669570163 609.1159094698587 815.0581821085316 630.6310609850102 799.6036366539861 632.7522731062223 793.5430305933801 635.7825761365253 788.6945457448951 640.6310609850102 787.482424532774 648.5098488637981 790.2096972600467 651.5401518941012 796.3895489446882 653.6793313234001 802.1724663747632 654.2674246213738 803.5430305933801 654.2674246213738 803.5201878564031 654.4044810432355 806.1067963283525 655.0065090234338 805.2496534712096 657.5779375948623 802.9369699873193 657.9037882577375 771.7248487751981 658.8128791668285 769.9384655776914 658.4907444918682 769.309571384651 649.3088892734776 769.9156319907117 633.8543438189322 769.0065410816208 625.3694953340837 760.218662293742 614.763434728023 755.3701774452571 608.702828667417 762.6429047179844 609.0058589704472 768.0974501725299 606.8846468492352 769.0065410816208 601.1270710916593 766.5822986573784 596.5816165462048 763.5519956270753 595.3694953340836 751.4307835058632 595.0664650310533 741.4307835058632 586.2785862431745 739.1969138268714 584.5859455505339 739.208274467102 575.9672399042328 739.9066669570163 574.5704549244041 752.0278790782285 573.3583337122828 769.2839426499876 573.636657318279 781.8152714151959 573.8387755241695 789.6036366539861 573.9643943183435 797.482424532774 573.9643943183435 806.8763639267133 574.5704549244041 810.8157578661073 578.509848863798 820.2096972600467 590.0250003789496 824.1490911994406 593.358333712283 824.1476685219616 593.36260174472
1 41 842.3309093812588 576.0856064395556 838.3915154418648 578.8128791668283 832.3309093812588 584.2674246213738 825.0581821085316 593.0553034092526 824.1476685219616 593.36260174472 824.1490911994406 593.358333712283 820.2096972600467 590.0250003789496 810.8157578661073 578.509848863798 806.8763639267133 574.5704549244041 797.482424532774 573.9643943183435 789.6036366539861 573.9643943183435 781.8152714151959 573.8387755241695 784.4521215024708 564.8734852274343 791.1187881691376 558.2068185607677 796.0469376613702 557.4601292437628 801.1187881691376 556.6916670456162 802.3309093812588 556.6916670456162 833.5430305933801 556.9946973486465 839.3006063509558 558.2068185607677 841.7248487751983 559.418939772889 843.4261518418867 560.9312091655008 844.4521215024711 561.8431821971313 844.4521215024711 561.8431821971313 845.6642427145922 563.9643943183435 845.6642427145922 563.9643943183435 848.391515441865 569.7219700759192 848.391515441865 569.7219700759192 851.7248487751983 570.9340912880405 852.6339396842892 576.9946973486465 851.4283257623593 576.8883196496527
1 42 1115.7590547416223 833.0048498942512 1107.9812769638445 866.3381832275845 1102.9812769638445 874.671516560918 1092.425721408289 878.5604054498068 1070.2034991860667 885.2270721164734 837.9812769638439 886.8937387831402 783.5368325193994 877.4492943386957 765.203499186066 871.3381832275845 759.0923880749549 863.5604054498068 755.203499186066 827.4492943386956 751.8701658527326 771.89373878314 754.6479436305103 731.8937387831398 759.0923880749549 718.004849894251 766.8701658527327 700.2270721164732 771.3146102971772 691.3381832275843 772.9812769638438 676.89373878314 777.4257214082883 672.4492943386954 785.2034991860661 669.6715165609177 796.4816946747878 665.2539640905046 805.2496534712096 657.5779375948623 806.1067963283525 655.0065090234338 803.8210820426382 654.4350804520052 803.5201878564031 654.4044810432355 803.5430305933801 654.2674246213738 802.1724663747632 654.2674246213738 796.3895489446882 653.6793313234001 790.2096972600467 651.5401518941012 787.482424532774 648.5098488637981 788.6945457448951 640.6310609850102 793.5430305933801 635.7825761365253 799.6036366539861 632.7522731062223 815.0581821085316 630.6310609850102 819.9066669570163 609.1159094698587 823.2400002903498 596.0856064395556 824.1476685219616 593.36260174472 825.0581821085316 593.0553034092526 832.3309093812588 584.2674246213738 838.3915154418648 578.8128791668283 842.3309093812588 576.0856064395556 851.4283257623593 576.8883196496527 852.6339396842892 576.9946973486465 863.2175099167514 577.0753794567327 886.4080134208191 576.4347578129739 919.3222539862179 575.5255246481839 943.0406359403873 574.870320726798 1002.1937341880105 575.6581557224138 1007.5666491380314 575.7297152949719 1009.0112734661577 575.7489556329243 1009.0221124905922 575.9921562436748 1012.3554458239255 575.9921562436748 1012.3526747907384 575.93754143904 1035.910569893137 578.0409249303257 1039.5469335295008 578.9500158394167 1042.1542172840955 581.9584201716413 1045.4560244385916 585.7681976575984 1053.1832971658644 607.5863794757803 1056.2008361756214 617.187639961371 1058.1832971658644 623.4954703848712 1065.0014789840463 628.4954703848713 1072.728751711319 628.4954703848713 1079.5469335295008 630.7681976575985 1083.6378426204099 635.313652203053 1087.728751711319 643.0409249303258 1090.0014789840463 648.0409249303258 1086.3651153476826 651.6772885666894 1071.819660802228 655.7681976575985 1072.2742062567736 659.8591067485077 1091.8701658527334 672.4492943386953 1098.5368325194 680.7826276720286 1102.9812769638445 688.0048498942508 1108.5368325194 694.115961005362 1109.247539770082 696.7049659899895 1114.1621313574578 714.6081210582868 1116.3146102971778 722.4492943386954 1120.203499186067 771.89373878314
1 43 1002.1937341880105 575.6581557224138 999.5564697519402 569.8284132847848 988.266147171295 563.0542197363977 978.5887278164563 562.4090584460752 953.9089524623 562.4090584460752 930.8467923325853 562.4090584460752 926.3306633003272 563.0542197363977 921.8145342680691 568.2155100589783 919.2338891067789 574.6671229622042 919.3222539862179 575.5255246481839 943.0406359403873 574.870320726798
1 44 1634.6059930404276 610.0831328414107 1595.1059930404276 604.5831328414107 1593.1059930404276 604.5831328414107 1547.6059930404276 602.0831328414107 1518.1059930404274 602.5831328414107 1463.1059930404274 607.5831328414107 1421.6059930404272 613.5831328414108 1403.6059930404272 622.5831328414108 1380.1059930404272 638.5831328414108 1370.1059930404272 647.5831328414108 1366.4460877809126 652.1580144158041 1360.1059930404272 660.0831328414108 1357.5175344412 656.3832507250526 1355.374677298343 654.9546792964811 1350.1365820602477 655.4308697726716 1343.7080106316762 657.5737269155287 1339.8984868221523 662.0975364393382 1335.6127725364381 669.4784888202906 1326.8032487269143 671.6213459631477 1321.8032487269143 671.6213459631477 1317.9937249173904 673.764203106005 1312.9937249173904 678.5261078679097 1307.5175344412 683.5261078679097 1301.327058250724 692.3356316774335 1296.3270582507237 707.3356316774334 1295.612772536438 723.7642031060049 1295.612772536438 725.0243984721759 1295.612772536438 746.859441201243 1296.803248726914 752.5737269155287 1298.9461058697714 763.7642031060047 1303.469915393581 778.2880126298144 1322.5175344412 794.4784888202905 1463.8405993736997 868.3660395451329 1521.3694643658728 889.1752512604123 1578.5916865880952 891.3974734826346 1642.480575476984 884.730806815968 1703.03613103254 872.5085845937457 1732.4805754769845 860.8419179270791 1744.7027976992067 847.5085845937456 1754.147242143651 828.0641401493011 1755.7688810766008 817.7877764302624 1757.27836224317 808.2221590912112 1762.4600308905408 775.3858040864228 1762.3301609606706 770.288659379579 1762.0841531325639 760.6333257690367 1760.7938305519187 748.3752612529076 1761.770375718127 719.1789075346986 1761.0807205457131 714.3513213278021 1761.0807205457131 700.5582178795262 1761.0807205457131 700.5582178795262 1760.7358929595064 697.1099420174572 1755.9083067526099 692.9720109829744 1747.2876170974373 686.0754592588365 1733.4945136491615 677.7995971898711 1717.2876170974369 661.937528224354 1700.0462377870917 647.1099420174575 1684.8738239939885 634.6961489140092 1666.2639943233544 624.1435415227988 1660.053000060892 620.604801718657 1647.7819204424313 615.4522845625922 1645.2186515801952 614.3513213278022
1 46 1367.4823855269096 628.2053311813786 1365.3395283840528 624.9910454670928 1364.625242669767 618.9196168956643 1362.125242669767 617.13390260995 1356.768099812624 616.0624740385215 1352.8395283840525 613.9196168956643 1335.6966712411954 589.9910454670928 1334.8886698262963 589.3289609063265 1316.0637347332588 573.9036180137234 1310.785956955481 563.9036180137234 1305.785956955481 562.5147291248345 1291.5108171148365 561.8110250481831 1266.3415125110364 560.5702846803902 1260.4125098516647 561.3853466531866 1260.0093357775909 561.3997457272607 1254.8125098516646 561.5853466531867 1222.5440425973977 562.0394471586948 1217.5440425973977 562.5394471586948 1205.585867853515 562.7287401160297 1193.285956955481 566.6813957915012 1185.5677920360267 572.7746838858071 1177.4526236221475 579.1813957915012 1168.285956955481 598.9036180137234 1163.0081791777034 599.1813957915015 1156.6192902888145 599.4591735692793 1153.5637347332588 601.1258402359459 1151.6192902888145 605.5702846803904 1152.1748458443699 609.7369513470571 1153.2859569554812 613.3480624581682 1145.5081791777034 619.1813957915016 1138.0081791777034 627.5147291248348 1136.3415125110366 644.7369513470571 1136.952513376756 658.5863043033656 1137.1748458443699 663.625840235946 1138.2859569554812 682.2369513470571 1141.3415125110366 688.0702846803905 1190.2304013999255 720.2925069026128 1294.67484584437 725.014729124835 1295.612772536438 725.0243984721759 1295.612772536438 723.7642031060049 1296.3270582507237 707.3356316774334 1301.327058250724 692.3356316774335 1307.5175344412 683.5261078679097 1312.9937249173904 678.5261078679097 1317.9937249173904 673.764203106005 1321.8032487269143 671.6213459631477 1326.8032487269143 671.6213459631477 1335.6127725364381 669.4784888202906 1339.8984868221523 662.0975364393382 1343.7080106316762 657.5737269155287 1350.1365820602477 655.4308697726716 1355.374677298343 654.9546792964811 1357.5175344412 656.3832507250526 1360.1059930404272 660.0831328414108 1366.4460877809126 652.1580144158041 1366.0538140983383 651.4196168956644 1366.4109569554812 631.7767597528072
1 47 1185.5677920360267 572.7746838858071 1184.5103821920907 572.0747083553142 1184.084850277197 572.0747083553142 1164.5103821920907 571.223644525527 1144.1421215768862 570.8162793132229 1143.2337864474098 570.7981126106334 1123.8720843197502 571.0108785680802 1117.2763396388991 573.1385381425483 1113.2337864474098 575.69172963191 1108.55293538358 581.4364104829739 1105.148680064431 587.3938572914844 1102.3827226176224 591.223644525527 1099.4039992133671 591.223644525527 1093.6593183623033 591.0108785680802 1091.3188928303884 591.8619423978674 1090.2550630431545 593.9896019723355 1090.8933609154947 595.9044955893569 1093.4465524048564 597.3938572914844 1090.0422970857076 607.3938572914844 1088.7657013410267 620.7981126106334 1088.102967485266 629.0822858076443 1087.9146375112396 631.4364104829738 1087.9146375112396 639.0959849510589 1088.1274034686865 643.7768360148887 1090.2550630431545 645.69172963191 1111.7444247452822 656.5427934616972 1123.6593183623033 657.819389206378 1136.952513376756 658.5863043033656 1136.3415125110366 644.7369513470571 1138.0081791777034 627.5147291248348 1145.5081791777034 619.1813957915016 1153.2859569554812 613.3480624581682 1152.1748458443699 609.7369513470571 1151.6192902888145 605.5702846803904 1153.5637347332588 601.1258402359459 1156.6192902888145 599.4591735692793 1163.0081791777034 599.1813957915015 1168.285956955481 598.9036180137234 1177.4526236221475 579.1813957915012
1 48 1144.1421215768862 570.8162793132229 1143.446552404857 569.7342828233996 1138.7657013410271 566.7555594191442 1133.6593183623038 565.904495589357 1110.255063043155 566.5427934616974 1101.1948409745332 566.5427934616974 1095.9997438942187 566.5427934616974 1090.042297085708 568.2449211212719 1085.9997438942187 571.0108785680804 1080.4678290006016 579.3087509085059 1079.5298298677499 583.7671398787195 1077.439796040011 583.6087538731628 1077.1223357225508 580.5928808572897 1069.6620182622332 580.4341506985596 1068.392176992392 581.3865316509406 1068.392176992392 583.1325633969723 1071.0905896908048 585.6722459366548 1073.471542071757 585.9897062541152 1076.6461452463602 586.4658967303056 1073.471542071757 591.2278014922103 1072.2017008019159 596.4658967303056 1071.8842404844554 608.6881189525279 1071.785950461566 616.1581606921264 1071.7255103257253 620.75161101602 1072.5191611193761 623.9262141906231 1076.1699547701696 626.3071665715755 1088.102967485266 629.0822858076443 1088.7657013410267 620.7981126106334 1090.0422970857076 607.3938572914844 1093.4465524048564 597.3938572914844 1090.8933609154947 595.9044955893569 1090.2550630431545 593.9896019723355 1091.3188928303884 591.8619423978674 1093.6593183623033 591.0108785680802 1099.4039992133671 591.223644525527 1102.3827226176224 591.223644525527 1105.148680064431 587.3938572914844 1108.55293538358 581.4364104829739 1113.2337864474098 575.69172963191 1117.2763396388991 573.1385381425483 1123.8720843197502 571.0108785680802 1143.2337864474098 570.7981126106334
1 49 1101.1948409745332 566.5427934616974 1095.9997438942187 566.5427934616974 1090.042297085708 568.2449211212719 1085.9997438942187 571.0108785680804 1080.4678290006016 579.3087509085059 1079.5298298677499 583.7671398787195 1077.439796040011 583.6087538731628 1077.1223357225508 580.5928808572897 1069.6620182622332 580.4341506985596 1068.392176992392 581.3865316509406 1068.392176992392 583.1325633969723 1071.0905896908048 585.6722459366548 1073.471542071757 585.9897062541152 1076.6461452463602 586.4658967303056 1073.471542071757 591.2278014922103 1072.2017008019159 596.4658967303056 1071.8842404844554 608.6881189525279 1071.785950461566 616.1581606921264 1068.8683674685822 616.7833570477658 1056.2008361756214 617.187639961371 1053.1832971658644 607.5863794757803 1045.4560244385916 585.7681976575984 1042.1542172840955 581.9584201716413 1043.4715420717566 574.5611348255436 1040.2969388971535 574.5611348255436 1037.7572563574709 572.6563729207817 1038.0747166749313 570.5928808572896 1039.5032881035027 569.1643094287182 1041.0905896908043 569.1643094287182 1044.7413833415978 570.1166903810991 1048.0747166749313 562.6563729207817 1051.0905896908043 559.4817697461785 1054.1064627066773 558.0531983176071 1062.9953515955663 557.894468158877 1080.6143992146137 557.894468158877 1087.7572563574709 557.7357380001467 1095.6937642939788 558.2119284763372 1099.9794785796933 559.957960222369 1101.5667801669947 564.8785951430038 1101.5667801669947 565.0373253017341
1 50 443.294027999799 564.3251653332653 442.1829168886879 560.8066468147467 439.4051391109101 553.2140542221541 437.7384724442434 551.1770171851172 435.33106503683604 549.5103505184504 426.07180577757674 548.2140542221541 421.03805101537165 548.5395928700376 407.9236576294286 549.6955357036356 407.55328725905827 549.6955357036356 404.03476874053973 551.5473875554875 401.25699096276196 555.0659060740061 396.6273613331323 555.4362764443764 389.0347687405397 555.991831999932 388.47921318498413 558.5844245925246 388.1088428146138 561.7325727406727 388.1088428146138 564.8807208888209 389.4455289284005 567.7323179315658 413.2085920072525 567.9779008252059 442.5718822898581 568.484164450768 442.9236576294286 567.2881282962283
1 51 796.0469376613702 557.4601292437628 794.4396177039894 555.6742181800063 786.106284370656 555.3038478096358 779.27393791762 555.6167469156386 777.377386193482 557.340884846673 774.7911792969303 559.9270917432248 770.6532482624476 564.4098503639144 769.4463517107234 566.6512296742593 769.1392404261196 570.0294538049021 769.1015241245166 570.4443331225351 769.2839426499876 573.636657318279 781.8152714151959 573.8387755241695 784.4521215024708 564.8734852274343 791.1187881691376 558.2068185607677
1 52 679.8667971196083 557.4999841176962 679.8667971196083 551.7080989414884 678.7857160385273 547.1135043468938 675.8127430655543 543.5999908333803 666.0830133358246 543.32972056311 656.0830133358246 544.4108016441911 653.3803106331219 545.4918827252721 651.48841874123 546.8432340766235 649.3262565790678 555.7621529955425 649.6644946091606 556.4585254104393
7 53 849.3753137796007 567.9961089420549 848.4707829171781 550.5946580649733 848.0021922625951 541.5798664244248 847.2020422264401 526.1865038241085 846.677451771138 516.0943826840114 842.6011202312136 437.67352829689344 847.4398299086329 437.0283670065709 850.5290321793688 516.1891751941768 850.9137702961913 526.0480894377528 852.550292568907 567.9839726760954
6 54 0 898.7727735369763 137.23365200588955 851.8866211838128 148.6717794991709 847.9787619929646 144.92177949917084 837.9787619929645 131.57503057373333 842.353332717594 0 885.4787619929646
6 55 540.4412600186542 1074.809028948233 541.7993898904587 1073.1196478881836 689.5321691095639 889.3544834936868 667.7678150425785 878.4065169865103 493.940845012524 1073.8278376468097 492.25944183683595 1075.718119857324
6 56 1601.8683190376555 1080 1601.3696324082377 1079.6234062321023 1347.415034051644 887.844213792628 1108.9775878377259 694.9695607105573 1109.247539770082 696.7049659899895 1114.1621313574578 714.6081210582868 1218.5929724531106 812.2772530182499 1396.285280145419 964.5849453259424 1534.6295088689217 1079.2386077017018 1535.5482255333652 1080
6 57 1919.7457402770765 853.9684569431482 1757.27836224317 808.2221590912112 1750.3319204013007 806.266234145817 1745.9840943143442 814.9618863197301 1755.7688810766008 817.7877764302624 1920 865.2184569431482
7 58 365.19375346036077 567.4816843673832 362.5088919150659 443.30683789749196 357.89350729968123 443.6914532821074 359.39782744837163 567.4217855118937
7 59 916.8552510101941 535.6824717680614 916.8302106392924 530.2116613773584 916.6954660641277 500.7727195662722 916.4694325578486 451.3890079729284 918.9084569480924 451.6329104119528 918.84008357201 502.3500535004466 918.8028131234296 529.9960581579573 918.7955495176568 535.3839643053748
1 62 916.8302106392924 530.2116613773584 916.6954660641277 500.7727195662722 916.2280640484266 500.3053175505712 914.1826095029721 499.85077209602576 907.8189731393358 500.07804482329846 901.6826095029721 502.8053175505712 898.5007913211539 504.1689539142076 894.1826095029721 508.03259027784395 892.8189731393356 513.2598630051167 888.7280640484266 515.9871357323893 880.3189731393356 519.6234993687531 875.091700412063 523.2598630051167 873.9553367756994 525.0780448232985 874.4098822302448 530.0780448232985 875.5462458666084 536.8962266414803 878.2735185938811 538.7144084596621 885.3189731393356 538.4871357323894 900.5462458666084 537.3507720960258 904.1826095029721 536.2144084596621 908.5007913211539 533.4871357323894 909.4098822302449 531.2144084596621
1 63 937.1371549575176 525.3053175505712 934.6371549575176 527.5780448232985 926.0007913211539 529.3962266414803 918.8028131234296 529.9960581579573 918.84008357201 502.3500535004466 919.8644276847903 502.8053175505712 925.5462458666085 502.8053175505712 930.091700412063 502.57804482329846 936.4553367756994 502.57804482329846 938.0462458666085 504.623499368753 937.591700412063 515.532590277844 938.7280640484266 522.1234993687531
1 65 964.1056652220501 520.0713793148014 964.1056652220501 494.9713280794952 960.8703035981264 495.83409117920826 957.8194561404994 497.867989484293 958.666913767618 520.0713793148014 958.7273915781667 520.0713793148014
1 66 988.1584391913468 498.20697253514044 986.9630229769359 495.90057276892196 981.9630229769358 495.90057276892196 978.7487372626501 494.1148584832077 971.3787781743977 494.1391759249709 967.7151779562578 494.36815093860463 967.9240988152969 518.8118914461872 969.6838629201603 518.2069725351405 971.5482696998214 514.8171420266658 973.0736934286349 513.461209823276 986.6330154625332 513.2917182978523 987.4804730896519 511.76629456903873 987.988947665923 506.8510403317506
5 67 822.4342797081133 529.7716355047704 833.7108754527942 529.5588695473236 834.2790282682467 538.081161779112 834.5619392825814 542.3248269941321 822.6548493983782 542.1956442266331 822.495358252613 533.2120010811569
1 68 848.4707829171781 550.5946580649733 848.0021922625951 541.5798664244248 846.895503216632 540.0305017600766 837.5851583890459 538.9960190014559 834.4817101131839 538.3063638290422 834.2790282682467 538.081161779112 834.5619392825814 542.3248269941321 822.6548493983782 542.1956442266331 822.495358252613 533.2120010811569 815.7457584892874 532.7410987720876 814.8366675801965 532.7410987720876 812.291213034742 532.3774624084513 800.713401016252 532.0379329221779 800.5439094908282 529.4955600408219 799.0184857620147 527.2921702103135 796.1371298298113 526.9531871594661 788.171028134896 527.631153261161 784.1032315247265 528.4786108882796 782.4083162704892 531.359966820483 780.713401016252 532.3769159730253 767.3235705077774 533.5633566509914 761.7303501687943 535.9362380069236 758.8897876678129 542.1795165384018 753.4731210011463 544.6795165384018 748.8897876678129 545.0961832050684 745.5564543344797 547.1795165384018 741.8064543344797 555.5128498717352 742.2231210011462 564.6795165384018 744.3064543344797 567.5961832050685 751.7230894235286 568.996019001456 754.8265376993907 572.0994672773181 767.5851583890458 570.7201569324905 769.1392404261196 570.0294538049021 769.4463517107234 566.6512296742593 770.6532482624476 564.4098503639144 774.7911792969303 559.9270917432248 777.377386193482 557.340884846673 779.27393791762 555.6167469156386 786.106284370656 555.3038478096358 794.4396177039894 555.6742181800063 796.0469376613702 557.4601292437628 801.1187881691376 556.6916670456162 802.3309093812588 556.6916670456162 833.5430305933801 556.9946973486465 839.3006063509558 558.2068185607677 841.7248487751983 559.418939772889 843.4261518418867 560.9312091655008 844.4521215024711 561.8431821971313 845.6642427145922 563.9643943183435 848.391515441865 569.7219700759192 851.7248487751983 570.9340912880405 852.6339396842892 576.9946973486465 863.2175099167514 577.0753794567327 860.5753317068966 571.8597433417618 857.5174804672272 568.9671813582908 852.550292568907 567.9839726760954 849.3753137796007 567.9961089420549
1 77 1341.5108171148365 579.2688688881742 1339.5108171148365 574.8688688881742 1337.1108171148367 568.8688688881742 1335.1108171148367 563.2688688881742 1331.5108171148365 560.8688688881742 1325.5108171148365 557.6688688881743 1319.5108171148365 556.8688688881742 1295.1108171148364 555.6688688881742 1294.3108171148365 555.6688688881742 1291.5108171148365 558.4688688881743 1291.5108171148365 561.8110250481831 1305.785956955481 562.5147291248345 1310.785956955481 563.9036180137234 1316.0637347332588 573.9036180137234 1334.8886698262963 589.3289609063265 1337.5108171148365 589.6688688881743 1340.7108171148366 585.2688688881742
1 84 953.9089524623 562.4090584460752 946.4080134208192 558.033510671878 920.0746800874858 556.033510671878 915.4080134208191 552.033510671878 912.4080134208191 552.033510671878 906.4080134208191 558.033510671878 898.7413467541525 558.033510671878 894.4080134208191 558.7001773385447 891.0746800874858 562.033510671878 886.4080134208191 568.7001773385447 886.4080134208191 576.4347578129739 919.3222539862179 575.5255246481839 919.2338891067789 574.6671229622042 921.8145342680691 568.2155100589783 926.3306633003272 563.0542197363977 930.8467923325853 562.4090584460752
1 99 115.87338899863981 580.5377189217058 114.7105983009654 577.5144631077524 110.98966806840725 574.9563235728687 96.33850527770959 569.3749282240315 97.03617969631422 587.5144631077524 100.0594355102677 587.2819049682175 109.59431923119796 586.8167886891478 109.82687737073284 586.8167886891478 112.61757504515144 586.351672410078 115.40827271957006 584.258649154264
1 100 75.6408308591049 587.7470212472873 87.73385411491886 587.7470212472873 89.59431923119793 566.351672410078 87.26873783584911 564.258649154264 81.68734248701189 561.0028352007756 79.12920295212815 559.8400445031012 75.6408308591049 559.6074863635663 73.08269132422119 559.3749282240315
1 101 42.25889150936641 589.412395101851 57.15857871712197 588.4618001444408 56.63226292764827 558.7249580391776 53.47436819080616 557.1460106707566 47.15857871712194 557.1460106707566 43.2033896827289 558.0249415672884 42.42173661185879 558.1986422497039 42.26216863669263 588.7842433130642
7 102 40.26229921838825 495.42173025489444 35.88729921838825 495.73423025489444 37.599986955676826 559.7459344360552 38.37228271500298 588.6104884408701 38.38729921838825 589.1717302548946 42.26216863669263 588.7842433130642 42.42173661185879 558.1986422497039
1 103 27.05974324273464 589.7141508284085 26.12224324273464 586.5891508284085 26.43474324273464 577.5266508284085 27.99724324273464 570.9641508284085 33.30974324273464 563.1516508284085 35.18474324273464 560.6516508284085 37.599986955676826 559.7459344360552 38.37228271500298 588.6104884408701
11 146 1534.6295088689217 1079.2386077017018 1396.285280145419 964.5849453259424 1218.5929724531106 812.2772530182499 1114.1621313574578 714.6081210582868 1116.3146102971778 722.4492943386954 1120.203499186067 771.89373878314 1115.7590547416223 833.0048498942512 1107.9812769638445 866.3381832275845 1102.9812769638445 874.671516560918 1092.425721408289 878.5604054498068 1070.2034991860667 885.2270721164734 837.9812769638439 886.8937387831402 783.5368325193994 877.4492943386957 765.203499186066 871.3381832275845 759.0923880749549 863.5604054498068 755.203499186066 827.4492943386956 751.8701658527326 771.89373878314 754.6479436305103 731.8937387831398 759.0923880749549 718.004849894251 766.8701658527327 700.2270721164732 771.3146102971772 691.3381832275843 772.9812769638438 676.89373878314 777.4257214082883 672.4492943386954 785.2034991860661 669.6715165609177 796.4816946747878 665.2539640905046 805.2496534712096 657.5779375948623 806.1067963283525 655.0065090234338 803.8210820426382 654.4350804520052 803.5201878564031 654.4044810432355 806.1067963283525 655.0065090234338 805.2496534712096 657.5779375948623 802.9369699873193 657.9037882577375 771.7248487751981 658.8128791668285 769.9384655776914 658.4907444918682 770.8247228998025 671.4301013946897 767.1883592634388 694.7634347280231 725.6732077482873 726.5816165462049 715.6732077482873 729.611919576508 602.9459350210144 730.8240407886292 594.4650061546226 728.7038085720312 594.8217691526879 768.6612643553437 590.7308600617788 795.9339916280711 585.2763146072333 805.9339916280711 422.54904187996016 912.7521734462532 409.367223698142 914.570355264435 391.6399509708693 915.0249007189805 173.00358733450514 875.9339916280712 144.8217691526869 860.9339916280712 137.23365200588955 851.8866211838128 0 898.7727735369763 0 1080 354.2858242990888 1080 361.5585515718161 1077.935181662916 366.10400611727067 1077.026090753825 379.2858242990889 1073.844272572007 397.4676424809071 1072.935181662916 434.74036975363447 1075.2079089356432 484.7403697536346 1075.2079089356432 493.940845012524 1073.8278376468097 667.7678150425785 878.4065169865103 689.5321691095639 889.3544834936868 541.7993898904587 1073.1196478881836 544.551548770696 1076.1339171379673 571.6944059135533 1080 1286.6944059135562 1080 1302.408691627842 1073.99105999511 1320.9801201992707 1069.7053457093957 1347.4086916278422 1071.8482028522526 1393.8372630564138 1072.5624885665384 1471.694405913557 1073.2767742808242 1484.5515487706998 1073.2767742808242 1491.694405913557 1078.99105999511
11 148 1920 1080 1920 865.2184569431482 1755.7688810766008 817.7877764302624 1754.147242143651 828.0641401493011 1744.7027976992067 847.5085845937456 1732.4805754769845 860.8419179270791 1703.03613103254 872.5085845937457 1642.480575476984 884.730806815968 1578.5916865880952 891.3974734826346 1521.3694643658728 889.1752512604123 1463.8405993736997 868.3660395451329 1322.5175344412 794.4784888202905 1303.469915393581 778.2880126298144 1298.9461058697714 763.7642031060047 1296.803248726914 752.5737269155287 1295.612772536438 746.859441201243 1295.612772536438 725.0243984721759 1294.67484584437 725.014729124835 1190.2304013999255 720.2925069026128 1141.3415125110366 688.0702846803905 1138.2859569554812 682.2369513470571 1137.1748458443699 663.625840235946 1136.952513376756 658.5863043033656 1123.6593183623033 657.819389206378 1111.7444247452822 656.5427934616972 1090.2550630431545 645.69172963191 1088.1274034686865 643.7768360148887 1087.9146375112396 639.0959849510589 1087.9146375112396 631.4364104829738 1088.102967485266 629.0822858076443 1076.1699547701696 626.3071665715755 1072.5191611193761 623.9262141906231 1071.7255103257253 620.75161101602 1071.785950461566 616.1581606921264 1068.8683674685822 616.7833570477658 1056.2008361756214 617.187639961371 1058.1832971658644 623.4954703848712 1065.0014789840463 628.4954703848713 1072.728751711319 628.4954703848713 1079.5469335295008 630.7681976575985 1083.6378426204099 635.313652203053 1087.728751711319 643.0409249303258 1090.0014789840463 648.0409249303258 1086.3651153476826 651.6772885666894 1071.819660802228 655.7681976575985 1072.2742062567736 659.8591067485077 1091.8701658527334 672.4492943386953 1098.5368325194 680.7826276720286 1102.9812769638445 688.0048498942508 1108.5368325194 694.115961005362 1109.247539770082 696.7049659899895 1108.9775878377259 694.9695607105573 1347.415034051644 887.844213792628 1601.3696324082377 1079.6234062321023 1666.6867077293975 1080
7 192 1666.2639943233544 624.1435415227988 1663.9721231438969 562.5373396943118 1666.2908790728704 557.0453326779941 1665.9682984277092 551.2388810650909 1663.9706434797313 547.475756673874 1660.8070081051285 544.7872681618651 1656.576238874359 455.52902640362333 1644.6531619512818 338.22133409593084 1627.764082993397 241.61081365209702 1621.960182689029 209.4932433687803 1622.981474297745 207.4803788694883 1621.5106877395335 204.59418521972214 1618.5726848101128 203.8398926249285 1622.87432410317 199.1396397651767 1623.1279505354223 197.1478337523696 1622.4615736990017 192.72878151381738 1621.6097218471493 177.48013060046063 1618.8930329224959 175.27901639670415 1617.8585501638754 173.38246467256624 1618.3757915431856 165.27901639670415 1614.73775788793 153.76439699380208 1613.5482053362891 146.48591294842828 1612.5137225776684 144.07211984498002 1611.6516536121512 142.52039570704898 1608.7206191293926 140.27901639670415 1606.1344122328408 131.1410853622214 1603.8930329224959 128.55487846566967 1602.016839424311 128.4811670857029 1600.4612838687556 130.03672264125845 1600.444757060427 131.65832674153174 1600.6171708535305 136.48591294842828 1600.2723432673235 138.7272922587731 1594.2378605087029 144.24453363808345 1591.3383404350454 147.92544172195431 1589.4734836758303 152.95464314057 1591.8240674052545 165.27901639670415 1599.052626149331 177.92544172195426 1599.6789831637416 184.26450542893505 1602.563598548357 189.26450542893508 1604.2943677791263 193.11065927508892 1606.6338512655027 198.80247388360124 1609.2943677791263 200.4183515827812 1609.4652331940792 203.6850943106312 1609.6789831637416 206.3798900443197 1611.0251370098954 209.45681312124276 1618.2955134419744 244.7382454486746 1631.5681883144728 337.264233480281 1645.966433462092 521.6736086826726 1646.9723555290752 546.3225154804801 1645.1486101515916 549.0533037932721 1643.7438927794842 552.2310328079586 1643.521670557262 557.564366141292 1645.0772261128175 561.3421439190697 1647.521670557262 566.4532550301809 1647.7819204424313 615.4522845625922 1660.053000060892 620.604801718657
9 263 0 734.9197506658447 109.74919078872139 717.5986420662113 108.45813278905044 724.5703552644343 109.82176915268681 748.206718900798 114.36722369814134 780.933991628071 115.73086006177772 798.2067189007984 123.45813278905047 816.843082537162 123.85362890172058 818.0860703198396 0 852.7345978872387
6 264 134.21570854662605 641.8643478215845 130.88237521329273 646.8643478215845 129.03770745073254 648.0941263299579 0 660.9592731829574 0 656.9092532794891 134.33110159985208 641.609268440769
11 265 134.33110159985208 641.609268440769 0 656.9092532794891 0 640.0343928291456 139.56846766007473 630.0319329392242
11 266 0 660.9592731829574 129.03770745073254 648.0941263299579 125.88237521329273 650.1976811549179 116.43793076884839 662.9754589326957 114.21570854662616 674.0865700438069 113.10459743551502 688.5310144882513 110.73086006177775 712.297627991707 109.74919078872139 717.5986420662113 0 734.9197506658447
11 267 131.57503057373333 842.353332717594 0 885.4787619929646 0 852.7345978872387 123.85362890172058 818.0860703198396
11 268 1920 865.2184569431482 1919.7457402770765 853.9684569431482 1757.27836224317 808.2221590912112 1762.4600308905408 775.3858040864228 1762.3301609606706 770.288659379579 1920 805.963050484759 1920 805.9630504847593
5 270 432.95645678094934 352.96991151425084 432.54268285446653 347.3134144135378 409.42770057576786 347.37931354834495 409.42770057576786 357.48922844697705 425.941295073942 353.76035226997
5 271 434.424557898206 373.0395901039698 433.22778047307787 356.67904246632804 432.6079617406087 356.723315232933 409.42770057576786 361.7114726987848 409.42770057576786 373.6583833157863
5 272 843.7544377866507 526.3150687523478 843.8782132067676 516.0254897045213 846.677451771138 516.0943826840114 847.2020422264401 526.1865038241085
5 273 853.0288919383901 525.9692142457475 852.4902390449499 516.2374431003445 850.5290321793688 516.1891751941768 850.9137702961913 526.0480894377528
7 274 968.5258110618443 473.0810490896474 962.9834710140316 472.0075812435146 934.0746406220857 472.93637191406594 934.8117194179599 475.6542476085607 964.1867194179599 475.0292476085607 964.1875044465448 475.04921473167894 968.5944273690907 476.03155030124515 968.5331507356775 473.39665506447955
11 341 545.4229015414476 583.5518967670247 536.9564268470599 583.2132377792491 532.0761007779463 582.7111828243302 531.2597742473341 580.4662848651466 531.4800383964681 576.0137972695784 533.3025806932138 570.328622394634 521.5718114624448 570.905545471557 521.8348561626628 581.1076587475532 504.38031070811746 582.0167496566442 504.9276582734414 572.567587748217 462.2408500717687 571.2037072768188 473.85375329757517 577.6553201800447 483.5311726524139 584.7520943735931 503.53117265241394 600.235965341335 519.6602049104785 615.3972556639156 529.2227848833585 627.0636032308294 531.733813808893 615.0664650310533 535.0671471422264 602.9452529098412 541.1277532028325 591.73313169772
11 342 1007.5666491380314 575.7297152949719 1002.5458797238226 558.0778375078697 999.2671911992325 545.9466899668862 997.1360436582489 535.4548866881979 990.5786666090687 527.9139030816406 987.4804730896519 511.76629456903873 986.6330154625332 513.2917182978523 973.0736934286349 513.461209823276 971.5482696998214 514.8171420266658 969.6838629201603 518.2069725351405 967.9240988152969 518.8118914461872 968.6816049756742 522.1387211034807 964.4508357449051 522.3310287957885 964.1972070624468 520.5556280185801 958.7273915781667 520.0713793148014 959.0649009672655 525.4715295403823 948.8160203142178 525.9781657252997 938.0731510084815 527.802602600528 937.1371549575176 525.3053175505712 934.6371549575176 527.5780448232985 926.0007913211539 529.3962266414803 918.8028131234296 529.9960581579573 918.7955495176568 535.3839643053748 916.8552510101941 535.6824717680614 916.8302106392924 530.2116613773584 909.4098822302449 531.2144084596621 908.5007913211539 533.4871357323894 904.1826095029721 536.2144084596621 900.5462458666084 537.3507720960258 895.6406848741793 537.7168587372519 895.4082503185327 545.2890852500518 872.2886025707712 554.6199333005507 852.550292568907 567.9839726760954 857.5174804672272 568.9671813582908 860.5753317068966 571.8597433417618 863.2175099167514 577.0753794567327 886.4080134208191 576.4347578129739 886.4080134208191 568.7001773385447 891.0746800874858 562.033510671878 894.4080134208191 558.7001773385447 898.7413467541525 558.033510671878 906.4080134208191 558.033510671878 912.4080134208191 552.033510671878 915.4080134208191 552.033510671878 920.0746800874858 556.033510671878 946.4080134208192 558.033510671878 953.9089524623 562.4090584460752 978.5887278164563 562.4090584460752 988.266147171295 563.0542197363977 999.5564697519402 569.8284132847848 1002.1937341880105 575.6581557224138
9 343 1222.5440425973977 562.0394471586948 1219.8554296616871 508.71529060043645 1227.3117194179597 508.4667476085607 1226.6867194179597 482.5292476085607 1218.219437385203 482.67036897577333 1217.5440425973977 472.5394471586949 1217.6147789041004 461.50458331308334 1234.1867194179597 460.1681364974495 1233.0756083068486 447.3903587196718 1217.7002431756798 448.17215694668033 1217.7940425973977 433.5394471586949 1218.2703739583444 432.79092644863573 1221.0440425973977 433.7894471586949 1242.436913375673 449.77780321403736 1238.6311638624043 450.1681364974495 1238.6311638624043 480.16813649744955 1252.8474000732722 480.0008866596746 1254.8125098516646 561.5853466531867
-1 343 1250.034608238329 486.37284013828173 1238.784608238329 486.06034013828173 1238.784608238329 512.3103401382817 1249.097108238329 511.37284013828173
9 344 1920 805.963050484759 1920 0 0 0 0 640.0343928291456 139.56846766007473 630.0319329392242 144.77126410218165 618.5310144882511 158.10459743551502 601.3087922660288 156.43793076884833 594.6421255993621 158.66015299107056 590.1976811549177 164.21570854662616 586.3087922660288 171.99348632440393 582.9754589326955 185.3268196577373 578.531014488251 207.5490418799596 569.6421255993621 266.9934863244042 566.8643478215843 359.2157085466266 567.4199033771399 359.39782744837163 567.4217855118937 357.89350729968123 443.6914532821074 362.5088919150659 443.30683789749196 365.19375346036077 567.4816843673832 389.4455289284005 567.7323179315658 388.1088428146138 564.8807208888209 388.1088428146138 561.7325727406727 388.47921318498413 558.5844245925246 389.0347687405397 555.991831999932 396.6273613331323 555.4362764443764 401.25699096276196 555.0659060740061 404.03476874053973 551.5473875554875 407.55328725905827 549.6955357036356 407.9236576294286 549.6955357036356 421.03805101537165 548.5395928700376 426.07180577757674 548.2140542221541 435.33106503683604 549.5103505184504 437.7384724442434 551.1770171851172 439.4051391109101 553.2140542221541 442.1829168886879 560.8066468147467 443.294027999799 564.3251653332653 442.9236576294286 567.2881282962283 442.5718822898581 568.484164450768 450.62794684596224 568.6230621155285 462.2408500717687 571.2037072768188 504.9276582734414 572.567587748217 504.38031070811746 582.0167496566442 521.8348561626628 581.1076587475532 521.5718114624448 570.905545471557 533.3025806932138 570.328622394634 534.3953426540484 564.7024534967202 533.2524855111913 517.8453106395773 531.8487411074468 439.23562402989074 530.6274297579114 408.74288222336463 536.6810569397627 408.1310249252917 535.5381997969055 490.1310249252917 540.8758655771398 568.5968548287583 542.4166751257866 576.3772155918942 545.4229015414476 583.5518967670247 547.4913895664689 579.6119195765078 553.8550259301053 568.0967680613563 560.2186622937417 562.0361620007503 568.4004804755598 559.9149498795382 590.5216925967719 557.4907074552957 616.8853289604083 555.9755559401442 617.7944198694993 552.9452529098412 620.521692596772 549.9149498795382 622.6429047179842 551.73313169772 624.872921477478 555.6036435783124 649.6644946091606 556.4585254104393 649.3262565790678 555.7621529955425 651.48841874123 546.8432340766235 653.3803106331219 545.4918827252721 656.0830133358246 544.4108016441911 666.0830133358246 543.32972056311 675.8127430655543 543.5999908333803 678.7857160385273 547.1135043468938 679.8667971196083 551.7080989414884 679.8667971196083 557.4999841176962 680.6421522467089 557.5267205013893 690.5216925967723 558.702828667417 707.4913895664693 561.4301013946896 722.0368441119238 565.0664650310532 735.6413582713159 579.4748344394228 735.0716093659345 539.2018988131776 730.2204462851926 539.2094280614435 730.8871129518593 532.5427613947768 726.5537796185259 532.2094280614435 727.2204462851926 514.5427613947768 749.8871129518593 514.5427613947768 749.5537796185259 537.2094280614435 739.2576558775623 538.504224394573 739.208274467102 575.9672399042328 739.9066669570163 574.5704549244041 752.0278790782285 573.3583337122828 769.2839426499876 573.636657318279 769.1015241245166 570.4443331225351 769.1392404261196 570.0294538049021 767.5851583890458 570.7201569324905 754.8265376993907 572.0994672773181 751.7230894235286 568.996019001456 744.3064543344797 567.5961832050685 742.2231210011462 564.6795165384018 741.8064543344797 555.5128498717352 745.5564543344797 547.1795165384018 748.8897876678129 545.0961832050684 753.4731210011463 544.6795165384018 758.8897876678129 542.1795165384018 761.7303501687943 535.9362380069236 767.3235705077774 533.5633566509914 780.713401016252 532.3769159730253 782.4083162704892 531.359966820483 784.1032315247265 528.4786108882796 788.171028134896 527.631153261161 796.1371298298113 526.9531871594661 799.0184857620147 527.2921702103135 800.5439094908282 529.4955600408219 800.713401016252 532.0379329221779 812.291213034742 532.3774624084513 814.8366675801965 532.7410987720876 815.7457584892874 532.7410987720876 822.495358252613 533.2120010811569 822.4342797081133 529.7716355047704 833.7108754527942 529.5588695473236 834.2790282682467 538.081161779112 834.4817101131839 538.3063638290422 837.5851583890459 538.9960190014559 846.895503216632 540.0305017600766 848.0021922625951 541.5798664244248 847.2020422264401 526.1865038241085 843.7544377866507 526.3150687523478 843.8782132067676 516.0254897045213 846.677451771138 516.0943826840114 842.6011202312136 437.67352829689344 847.4398299086329 437.0283670065709 850.5290321793688 516.1891751941768 852.4902390449499 516.2374431003445 853.0288919383901 525.9692142457475 850.9137702961913 526.0480894377528 852.550292568907 567.9839726760954 872.2886025707712 554.6199333005507 895.4082503185327 545.2890852500518 895.6406848741793 537.7168587372519 885.3189731393356 538.4871357323894 878.2735185938811 538.7144084596621 875.5462458666084 536.8962266414803 874.4098822302448 530.0780448232985 873.9553367756994 525.0780448232985 875.091700412063 523.2598630051167 880.3189731393356 519.6234993687531 888.7280640484266 515.9871357323893 892.8189731393356 513.2598630051167 894.1826095029721 508.03259027784395 898.5007913211539 504.1689539142076 901.6826095029721 502.8053175505712 907.8189731393358 500.07804482329846 914.1826095029721 499.85077209602576 916.2280640484266 500.3053175505712 916.6954660641277 500.7727195662722 916.4694325578486 451.3890079729284 918.9084569480924 451.6329104119528 918.84008357201 502.3500535004466 919.8644276847903 502.8053175505712 925.5462458666085 502.8053175505712 930.091700412063 502.57804482329846 936.4553367756994 502.57804482329846 938.0462458666085 504.623499368753 937.591700412063 515.532590277844 938.7280640484266 522.1234993687531 937.1371549575176 525.3053175505712 938.0731510084815 527.802602600528 948.8160203142178 525.9781657252997 959.0649009672655 525.4715295403823 958.7273915781667 520.0713793148014 958.666913767618 520.0713793148014 957.8194561404994 497.867989484293 960.8703035981264 495.83409117920826 964.1056652220501 494.9713280794952 964.1056652220501 520.0713793148014 958.7273915781667 520.0713793148014 964.1972070624468 520.5556280185801 964.4508357449051 522.3310287957885 968.6816049756742 522.1387211034807 967.9240988152969 518.8118914461872 967.7151779562578 494.36815093860463 971.3787781743977 494.1391759249709 978.7487372626501 494.1148584832077 981.9630229769358 495.90057276892196 986.9630229769359 495.90057276892196 988.1584391913468 498.20697253514044 987.988947665923 506.8510403317506 987.4804730896519 511.76629456903873 990.5786666090687 527.9139030816406 997.1360436582489 535.4548866881979 999.2671911992325 545.9466899668862 1002.5458797238226 558.0778375078697 1007.5666491380314 575.7297152949719 1009.0112734661577 575.7489556329243 1005.8848575886311 505.5999993809295 1004.9044654317684 492.2666660475961 983.6395337144008 481.9072933623519 968.7459166931243 482.5455912346923 968.5944273690907 476.03155030124515 964.1875044465448 475.04921473167894 964.4905975441881 482.7583571921391 934.7033635016348 483.82218697937316 934.8117194179599 475.6542476085607 934.0746406220857 472.93637191406594 962.9834710140316 472.0075812435146 968.5258110618443 473.0810490896474 968.5331507356775 473.39665506447955 982.7884698846136 473.1838891070327 983.421917882019 479.676731080438 984.1201517062782 479.5215680083804 1001.9632889611802 488.3450974201452 1004.9044654317684 488.73725428289026 1007.894852863337 488.07750612830944 1012.3526747907384 575.93754143904 1035.910569893137 578.0409249303257 1039.5469335295008 578.9500158394167 1042.1542172840955 581.9584201716413 1043.4715420717566 574.5611348255436 1040.2969388971535 574.5611348255436 1037.7572563574709 572.6563729207817 1038.0747166749313 570.5928808572896 1039.5032881035027 569.1643094287182 1041.0905896908043 569.1643094287182 1044.7413833415978 570.1166903810991 1048.0747166749313 562.6563729207817 1051.0905896908043 559.4817697461785 1054.1064627066773 558.0531983176071 1062.9953515955663 557.894468158877 1080.6143992146137 557.894468158877 1087.7572563574709 557.7357380001467 1095.6937642939788 558.2119284763372 1099.9794785796933 559.957960222369 1101.5667801669947 564.8785951430038 1101.5667801669947 565.0373253017341 1101.1948409745332 566.5427934616974 1110.255063043155 566.5427934616974 1133.6593183623038 565.904495589357 1138.7657013410271 566.7555594191442 1143.446552404857 569.7342828233996 1144.1421215768862 570.8162793132229 1164.5103821920907 571.223644525527 1184.084850277197 572.0747083553142 1184.5103821920907 572.0747083553142 1185.5677920360267 572.7746838858071 1193.285956955481 566.6813957915012 1205.585867853515 562.7287401160297 1217.5440425973977 562.5394471586948 1215.0440425973977 522.0394471586949 1214.5570964695512 508.891901706841 1208.5617194179597 509.0917476085607 1207.9367194179597 482.8417476085607 1213.6192819555945 482.74703823293345 1212.0440425973977 432.789447158695 1208.0440425973977 431.539447158695 1208.0402225634418 431.4095660041957 1201.7940425973977 431.2894471586949 1201.2979111207405 428.0645925604235 1202.7695422750244 456.39349228038395 1192.7695422750244 456.1807263229372 1192.061020813183 434.78337817533514 1187.534608238329 434.87213136307736 1187.534608238329 450.12284013828173 1177.222108238329 450.74784013828173 1176.597108238329 423.87284013828173 1187.534608238329 423.87284013828173 1187.534608238329 429.8048813202306 1191.890032929871 429.61954409931394 1191.7057124877902 424.0530667484691 1201.0674146154497 423.6275348335755 1201.2966048661053 428.0394471586949 1207.9411014209272 428.0394471586949 1207.7940425973977 423.039447158695 1209.2940425973977 420.289447158695 1211.2940425973977 419.039447158695 1211.2940425973977 413.289447158695 1213.0440425973977 412.539447158695 1214.5440425973977 416.5394471586949 1216.7940425973977 420.0394471586949 1220.0440425973977 422.7894471586949 1219.6055956277007 429.8045986738464 1221.0440425973977 430.0394471586949 1223.5440425973977 431.0394471586949 1237.5440425973977 441.5394471586949 1247.0365516150837 449.30604544589266 1251.0030864203 448.89922136330637 1250.5440425973975 440.7894471586949 1254.0440425973975 440.2894471586949 1256.7940425973975 445.7894471586949 1256.7940425973975 448.3052771400143 1260.2978305290708 447.9459142752273 1260.020052751293 448.2236920530051 1262.2422749735151 479.8903587196718 1258.6161238479174 479.9330193211494 1260.0093357775909 561.3997457272607 1260.4125098516647 561.3853466531866 1266.3415125110364 560.5702846803902 1291.5108171148365 561.8110250481831 1291.5108171148365 558.4688688881743 1294.3108171148365 555.6688688881742 1295.1108171148364 555.6688688881742 1319.5108171148365 556.8688688881742 1325.5108171148365 557.6688688881743 1331.5108171148365 560.8688688881742 1335.1108171148367 563.2688688881742 1337.1108171148367 568.8688688881742 1339.5108171148365 574.8688688881742 1341.5108171148365 579.2688688881742 1340.7108171148366 585.2688688881742 1337.5108171148365 589.6688688881743 1334.8886698262963 589.3289609063265 1335.6966712411954 589.9910454670928 1352.8395283840525 613.9196168956643 1356.768099812624 616.0624740385215 1362.125242669767 617.13390260995 1364.625242669767 618.9196168956643 1365.3395283840528 624.9910454670928 1367.4823855269096 628.2053311813786 1366.4109569554812 631.7767597528072 1366.0538140983383 651.4196168956644 1366.4460877809126 652.1580144158041 1370.1059930404272 647.5831328414108 1380.1059930404272 638.5831328414108 1403.6059930404272 622.5831328414108 1421.6059930404272 613.5831328414108 1463.1059930404274 607.5831328414107 1518.1059930404274 602.5831328414107 1547.6059930404276 602.0831328414107 1593.1059930404276 604.5831328414107 1595.1059930404276 604.5831328414107 1634.6059930404276 610.0831328414107 1645.2186515801952 614.3513213278022 1647.7819204424313 615.4522845625922 1647.521670557262 566.4532550301809 1645.0772261128175 561.3421439190697 1643.521670557262 557.564366141292 1643.7438927794842 552.2310328079586 1645.1486101515916 549.0533037932721 1646.9723555290752 546.3225154804801 1645.966433462092 521.6736086826726 1631.5681883144728 337.264233480281 1618.2955134419744 244.7382454486746 1611.0251370098954 209.45681312124276 1609.6789831637416 206.3798900443197 1609.4652331940792 203.6850943106312 1609.2943677791263 200.4183515827812 1606.6338512655027 198.80247388360124 1604.2943677791263 193.11065927508892 1602.563598548357 189.26450542893508 1599.6789831637416 184.26450542893505 1599.052626149331 177.92544172195426 1591.8240674052545 165.27901639670415 1589.4734836758303 152.95464314057 1591.3383404350454 147.92544172195431 1594.2378605087029 144.24453363808345 1600.2723432673235 138.7272922587731 1600.6171708535305 136.48591294842828 1600.444757060427 131.65832674153174 1600.4612838687556 130.03672264125845 1602.016839424311 128.4811670857029 1603.8930329224959 128.55487846566967 1606.1344122328408 131.1410853622214 1608.7206191293926 140.27901639670415 1611.6516536121512 142.52039570704898 1612.5137225776684 144.07211984498002 1613.5482053362891 146.48591294842828 1614.73775788793 153.76439699380208 1618.3757915431856 165.27901639670415 1617.8585501638754 173.38246467256624 1618.8930329224959 175.27901639670415 1621.6097218471493 177.48013060046063 1622.4615736990017 192.72878151381738 1623.1279505354223 197.1478337523696 1622.87432410317 199.1396397651767 1618.5726848101128 203.8398926249285 1621.5106877395335 204.59418521972214 1622.981474297745 207.4803788694883 1621.960182689029 209.4932433687803 1627.764082993397 241.61081365209702 1644.6531619512818 338.22133409593084 1656.576238874359 455.52902640362333 1660.8070081051285 544.7872681618651 1663.9706434797313 547.475756673874 1665.9682984277092 551.2388810650909 1666.2908790728704 557.0453326779941 1663.9721231438969 562.5373396943118 1666.2639943233544 624.1435415227988 1684.8738239939885 634.6961489140092 1700.0462377870917 647.1099420174575 1717.2876170974369 661.937528224354 1733.4945136491615 677.7995971898711 1747.2876170974373 686.0754592588365 1755.9083067526099 692.9720109829744 1760.7358929595064 697.1099420174572 1761.0807205457131 700.5582178795262 1761.0807205457131 714.3513213278021 1761.770375718127 719.1789075346986 1760.7938305519187 748.3752612529076 1762.0841531325639 760.6333257690367 1762.3301609606706 770.288659379579
-1 344 42.25889150936641 589.412395101851 42.26216863669263 588.7842433130642 38.38729921838825 589.1717302548946 38.37228271500298 588.6104884408701 27.05974324273464 589.7141508284085 26.12224324273464 586.5891508284085 26.43474324273464 577.5266508284085 27.99724324273464 570.9641508284085 33.30974324273464 563.1516508284085 35.18474324273464 560.6516508284085 37.599986955676826 559.7459344360552 35.88729921838825 495.73423025489444 40.26229921838825 495.42173025489444 42.42173661185879 558.1986422497039 47.15857871712194 557.1460106707566 53.47436819080616 557.1460106707566 56.63226292764827 558.7249580391776 57.15857871712197 588.4618001444408
-1 344 87.73385411491886 587.7470212472873 75.6408308591049 587.7470212472873 73.08269132422119 559.3749282240315 75.6408308591049 559.6074863635663 79.12920295212815 559.8400445031012 81.68734248701189 561.0028352007756 87.26873783584911 564.258649154264 89.59431923119793 566.351672410078
-1 344 115.87338899863981 580.5377189217058 115.40827271957006 584.258649154264 112.61757504515144 586.351672410078 109.82687737073284 586.8167886891478 109.59431923119796 586.8167886891478 100.0594355102677 587.2819049682175 97.03617969631422 587.5144631077524 96.33850527770959 569.3749282240315 110.98966806840725 574.9563235728687 114.7105983009654 577.5144631077524
-1 344 161.80330043128154 581.2596468422031 158.16693679491792 581.7141922967486 155.43966406764523 425.80510138765754 160.31430717151852 426.4410529334764
-1 344 258.7746385364932 509.80912697252546 247.7401557778726 509.46429938631854 247.39532819166567 480.1539545587324 257.05050060545875 480.1539545587324
-1 344 453.7347588832568 480.63010626319425 446.7903144388124 480.907884040972 446.7903144388124 459.2412173743054 452.62364777214566 459.2412173743054
-1 344 450.63210195224883 568.235550682668 448.13210195224883 482.923050682668 451.88210195224883 483.235550682668 454.38210195224883 568.235550682668
-1 344 461.59710823832893 339.8103401382816 461.28460823832893 384.1853401382816 443.78460823832893 386.0603401382816 443.78460823832893 355.92498334023867 433.22778047307787 356.67904246632804 434.424557898206 373.0395901039698 409.42770057576786 373.6583833157863 409.42770057576786 361.7114726987848 403.3487024813494 363.0196115292293 363.34870248134945 375.61220412182183 322.23759137023836 398.20479671441444 273.7190728517199 424.5010930107107 272.9783321109792 431.9085004181181 271.12648025912733 565.6122041218216 265.9487024813496 565.7043941379247 267.4227765554236 431.5381300477477 266.3116654443125 404.5010930107107 271.86722099986804 404.5010930107107 272.9783321109792 419.3159078255255 340.7561098887569 382.2788707884885 380.0153691480161 364.13072264034037 409.42770057576786 357.48922844697705 409.42770057576786 347.37931354834495 432.54268285446653 347.3134144135378 432.95645678094934 352.96991151425084 443.78460823832893 351.74983811060247 443.78460823832893 339.4978401382816
-1 344 716.2846082383289 499.81034013828173 698.7846082383289 499.49784013828173 697.8471082383289 463.56034013828173 714.0971082383289 463.56034013828173
-1 344 722.9367194179598 534.0917476085607 696.3742194179598 534.7167476085607 696.0617194179598 508.1542476085607 721.3742194179598 507.2167476085607
-1 344 1077.222108238329 524.4978401382816 1076.284608238329 508.2478401382817 1084.097108238329 507.9353401382817 1084.097108238329 524.4978401382816
-1 344 1136.2846082383287 514.1853401382817 1135.3471082383287 492.62284013828173 1143.4721082383287 492.31034013828173 1143.7846082383287 514.1853401382817
-1 344 1188.2071310092028 506.14870137619266 1177.278660407411 506.42191314123744 1176.7785595806313 568.434415661907 1172.7785595806313 568.1487013761928 1173.34998815206 510.14870137619266 1172.9666999501565 473.92209140965673 1174.9123885769138 473.90972102568816 1174.7785595806313 471.57727280476405 1187.0642738663457 471.8629870904783
-1 344 1286.8801152044502 364.91126618542285 1284.3801152044502 367.05412332827996 1288.6658294901645 369.91126618542285 1287.237258061593 381.6969804711371 1286.5229723473074 404.19698047113707 1280.8086866330216 410.98269475685134 1286.8801152044502 530.6255518997084 1281.8650358393706 529.7642576384143 1276.3650358393706 410.2642576384144 1269.3650358393706 405.2642576384144 1269.7372580615931 386.69698047113707 1265.094400918736 382.7684090425657 1262.9515437758787 375.9826947568514 1265.094400918736 373.4826947568514 1265.8086866330216 357.76840904256574 1267.9515437758787 351.6969804711371 1270.4515437758787 343.12555189970857 1277.594400918736 343.12555189970857 1279.0229723473074 352.05412332828 1281.1658294901645 355.62555189970857 1283.3086866330216 358.12555189970857 1289.737258061593 358.12555189970857 1290.4515437758787 360.9826947568514
-1 344 1347.8650358393706 594.2642576384142 1337.8650358393706 332.7642576384145 1343.8650358393706 333.7642576384145 1354.3650358393706 597.7642576384142