5 1 696.0617194179598 508.1542476085607 721.3742194179598 507.2167476085607 722.9367194179598 534.0917476085607 696.3742194179598 534.7167476085607
5 2 934.8117194179599 475.6542476085607 953.9239935692178 475.24760347768284 964.1867194179599 475.0292476085607 964.1919489873177 475.1622611793064 964.4905975441881 482.7583571921391 934.7033635016348 483.82218697937316
5 3 1207.9367194179597 482.8417476085607 1213.6192819555945 482.74703823293345 1218.219437385203 482.67036897577333 1226.6867194179597 482.5292476085607 1227.3117194179597 508.4667476085607 1219.8554296616871 508.71529060043645 1214.5570964695512 508.891901706841 1208.5617194179597 509.0917476085607
5 4 1216.6867194179597 448.2236920530051 1217.7002431756798 448.17215694668033 1233.0756083068486 447.3903587196718 1234.1867194179597 460.1681364974495 1217.6147789041004 461.50458331308334 1216.9644971957375 461.5570253863384
5 5 1238.6311638624043 450.1681364974495 1242.436913375673 449.77780321403736 1247.0365516150837 449.30604544589266 1251.0030864203 448.89922136330637 1256.7940425973975 448.3052771400143 1260.2978305290708 447.9459142752273 1260.020052751293 448.2236920530051 1262.2422749735151 479.8903587196718 1258.6161238479174 479.9330193211494 1252.8474000732722 480.0008866596746 1238.6311638624043 480.16813649744955
4 6 1176.597108238329 423.87284013828173 1187.534608238329 423.87284013828173 1187.534608238329 429.8048813202306 1187.534608238329 434.87213136307736 1187.534608238329 450.12284013828173 1177.222108238329 450.74784013828173
4 7 1238.784608238329 486.06034013828173 1250.034608238329 486.37284013828173 1249.097108238329 511.37284013828173 1238.784608238329 512.3103401382817
4 8 1135.3471082383287 492.62284013828173 1143.4721082383287 492.31034013828173 1143.7846082383287 514.1853401382817 1136.2846082383287 514.1853401382817
4 9 1076.284608238329 508.2478401382817 1084.097108238329 507.9353401382817 1084.097108238329 524.4978401382816 1077.222108238329 524.4978401382816
4 10 697.8471082383289 463.56034013828173 714.0971082383289 463.56034013828173 716.2846082383289 499.81034013828173 698.7846082383289 499.49784013828173
4 11 443.78460823832893 339.4978401382816 461.59710823832893 339.8103401382816 461.28460823832893 384.1853401382816 443.78460823832893 386.0603401382816 443.78460823832893 355.92498334023867 443.78460823832893 351.74983811060247
4 12 446.7903144388124 459.2412173743054 452.62364777214566 459.2412173743054 453.7347588832568 480.63010626319425 446.7903144388124 480.907884040972
4 13 247.39532819166567 480.1539545587324 257.05050060545875 480.1539545587324 258.7746385364932 509.80912697252546 247.7401557778726 509.46429938631854
7 14 158.16693679491792 581.7141922967486 155.43966406764523 425.80510138765754 160.31430717151852 426.4410529334764 161.80330043128154 581.2596468422031
7 15 443.78460823832893 355.92498334023867 443.78460823832893 351.74983811060247 433.8016138983456 352.8746825432766 425.941295073942 353.76035226997 409.20963599676986 357.5384688357831 380.0153691480161 364.13072264034037 340.7561098887569 382.2788707884885 272.9783321109792 419.3159078255255 271.86722099986804 404.5010930107107 266.3116654443125 404.5010930107107 267.4227765554236 431.5381300477477 265.9487024813496 565.7043941379247 271.12648025912733 565.6122041218216 272.9783321109792 431.9085004181181 273.7190728517199 424.5010930107107 322.23759137023836 398.20479671441444 363.34870248134945 375.61220412182183 403.3487024813494 363.0196115292293 409.118635586957 361.77798035460484 432.6079617406087 356.723315232933 433.9176178114868 356.6297683707274
7 16 448.13210195224883 482.923050682668 450.63210195224883 568.235550682668 454.38210195224883 568.235550682668 451.88210195224883 483.235550682668
7 19 540.1390948834629 572.8938575742227 535.5381997969055 490.1310249252917 534.6786468181807 435.6506314825911 535.4983189493282 428.1096478760339 535.9901222280168 408.76538558095217 530.4163517362135 408.76538558095217 531.8487411074468 439.23562402989074 533.2524855111913 517.8453106395773 533.5817178342827 572.7299231479932 531.4800383964681 576.0137972695784 530.9587670146105 576.8282838037309 530.794832588381 583.3856608529111 536.0407342277254 584.2053329840586 539.9751604572334 584.0413985578291 545.3849965228071 583.2217264266816 542.9259801293646 577.1561526561899 542.4166751257866 576.3772155918942
7 20 1260.0125098516646 561.5853466531867 1260.0093357775909 561.3997457272607 1258.6161238479174 479.9330193211494 1252.8474000732722 480.0008866596746 1254.7133067888662 557.4667837122746 1254.8125098516646 561.5853466531867
7 21 1347.8650358393706 594.2642576384142 1337.8650358393706 332.7642576384145 1343.8650358393706 333.7642576384145 1354.3650358393706 597.7642576384142
7 22 1281.8650358393706 529.7642576384143 1276.3650358393706 410.2642576384144 1269.3650358393706 405.2642576384144 1269.7372580615931 386.69698047113707 1265.094400918736 382.7684090425657 1262.9515437758787 375.9826947568514 1262.9515437758787 375.9826947568514 1265.094400918736 373.4826947568514 1265.094400918736 373.4826947568514 1265.8086866330216 357.76840904256574 1267.9515437758787 351.6969804711371 1270.4515437758787 343.12555189970857 1270.4515437758787 343.12555189970857 1277.594400918736 343.12555189970857 1279.0229723473074 352.05412332828 1281.1658294901645 355.62555189970857 1283.3086866330216 358.12555189970857 1289.737258061593 358.12555189970857 1290.4515437758787 360.9826947568514 1286.8801152044502 364.91126618542285 1284.3801152044502 367.05412332827996 1284.3801152044502 367.05412332827996 1288.6658294901645 369.91126618542285 1287.237258061593 381.6969804711371 1286.5229723473074 404.19698047113707 1280.8086866330216 410.98269475685134 1286.8801152044502 530.6255518997084
7 25 1220.0440425973977 422.7894471586949 1216.7940425973977 420.0394471586949 1214.5440425973977 416.5394471586949 1213.0440425973977 412.539447158695 1211.2940425973977 413.289447158695 1211.2940425973977 419.039447158695 1209.2940425973977 420.289447158695 1207.7940425973977 423.039447158695 1207.9411014209272 428.0394471586949 1208.0402225634418 431.4095660041957 1208.0440425973977 431.539447158695 1212.0440425973977 432.789447158695 1213.6192819555945 482.74703823293345 1218.219437385203 482.67036897577333 1217.5440425973977 472.5394471586949 1217.6147789041004 461.50458331308334 1216.9644971957375 461.5570253863384 1216.6867194179597 448.2236920530051 1217.7002431756798 448.17215694668033 1217.7940425973977 433.5394471586949 1218.2703739583444 432.79092644863573 1219.5440425973977 430.7894471586949 1219.6055956277007 429.8045986738464
7 26 1222.5440425973977 562.0394471586948 1222.4699671783235 560.5702846803902 1219.8554296616871 508.71529060043645 1214.5570964695512 508.891901706841 1215.0440425973977 522.0394471586949 1217.4354107397396 560.7796110646316 1217.5440425973977 562.5394471586948
7 27 1208.0402225634418 431.4095660041957 1207.9411014209272 428.0394471586949 1201.2966048661053 428.0394471586949 1201.2940425973977 428.0394471586949 1201.2979111207405 428.0645925604235 1201.7940425973977 431.2894471586949
7 28 1242.436913375673 449.77780321403736 1221.0440425973977 433.7894471586949 1218.2703739583444 432.79092644863573 1219.5440425973977 430.7894471586949 1219.6055956277007 429.8045986738464 1221.0440425973977 430.0394471586949 1223.5440425973977 431.0394471586949 1237.5440425973977 441.5394471586949 1247.0365516150837 449.30604544589266
7 29 1256.7940425973975 448.3052771400143 1256.7940425973975 445.7894471586949 1254.0440425973975 440.2894471586949 1250.5440425973975 440.7894471586949 1251.0030864203 448.89922136330637
5 30 1202.7695422750244 456.39349228038395 1201.2979111207405 428.0645925604235 1201.2940425973977 428.0394471586949 1201.2966048661053 428.0394471586949 1201.0674146154497 423.6275348335755 1191.7057124877902 424.0530667484691 1191.890032929871 429.61954409931394 1192.061020813183 434.78337817533514 1192.7695422750244 456.1807263229372
7 31 1192.061020813183 434.78337817533514 1191.890032929871 429.61954409931394 1187.534608238329 429.8048813202306 1187.534608238329 434.87213136307736
4 32 1187.0642738663457 471.8629870904783 1188.2071310092028 506.14870137619266 1177.278660407411 506.42191314123744 1176.7785595806313 506.43441566190694 1174.9123885769138 473.90972102568816 1174.7785595806313 471.57727280476405
7 33 1177.278660407411 506.42191314123744 1176.7785595806313 506.43441566190694 1174.9123885769138 473.90972102568816 1171.34998815206 475.0058442333355 1171.34998815206 476.14870137619266 1173.34998815206 510.14870137619266 1172.7785595806313 568.1487013761928 1176.7785595806313 568.434415661907
5 34 727.2204462851926 514.5427613947768 749.8871129518593 514.5427613947768 749.5537796185259 537.2094280614435 739.2576558775623 538.504224394573 735.0716093659345 539.2018988131776 730.2204462851926 539.2094280614435 730.8871129518593 532.5427613947768 726.5537796185259 532.2094280614435
7 35 739.2576558775623 538.504224394573 735.0716093659345 539.2018988131776 735.6413582713159 579.4748344394228 735.996289393697 582.5743474162824 739.1969138268714 584.5859455505339 739.1969138268714 584.5859455505339 739.208274467102 575.9672399042328
5 36 968.5331507356775 473.39665506447955 968.5926501058808 475.95512798322005 968.7459166931243 482.5455912346923 982.6023495168874 481.9517441136739 983.6395337144008 481.9072933623519 983.421917882019 479.676731080438 982.7884698846136 473.1838891070327 968.5393935901611 473.39656188754697
7 37 1012.3554458239255 575.9921562436748 1012.3526747907384 575.93754143904 1007.894852863337 488.07750612830944 1004.9044654317684 488.73725428289026 1001.9632889611802 488.3450974201452 984.1201517062782 479.5215680083804 983.421917882019 479.676731080438 983.6395337144008 481.9072933623519 982.6023495168874 481.9517441136739 982.7476026866703 482.0705876162236 1004.9044654317684 492.2666660475961 1005.8848575886311 505.5999993809295 1009.0112734661577 575.7489556329243 1009.0221124905922 575.9921562436748
1 38 594.8217691526879 768.6612643553437 594.4650061546226 728.7038085720312 594.3672236981424 717.7521734462528 593.003587334506 691.3885370826164 590.2763146072333 676.3885370826163 586.6399509708697 670.4794461735254 579.3672236981424 660.4794461735254 558.3698823298333 654.4295137284319 561.2731081362849 650.235965341335 562.2408500717688 643.7843524381093 561.2731081362849 635.3972556639158 558.6924629749947 632.1714492123028 551.2731081362849 629.5908040510125 539.0150436201559 629.5908040510125 535.4666565233817 631.8488685671415 535.789237168543 635.0746750187544 529.2227848833585 627.0636032308294 519.6602049104785 615.3972556639156 503.53117265241394 600.235965341335 483.5311726524139 584.7520943735931 473.85375329757517 577.6553201800447 470.86633454068095 575.9956430928812 462.2408500717687 571.2037072768188 450.62794684596224 568.6230621155285 442.5718822898581 568.484164450768 413.2085920072525 567.9779008252059 389.4455289284005 567.7323179315658 365.19375346036077 567.4816843673832 359.39782744837163 567.4217855118937 359.2157085466266 567.4199033771399 266.9934863244042 566.8643478215843 207.5490418799596 569.6421255993621 185.3268196577373 578.531014488251 171.99348632440393 582.9754589326955 164.21570854662616 586.3087922660288 158.66015299107056 590.1976811549177 156.43793076884833 594.6421255993621 158.10459743551502 601.3087922660288 144.77126410218165 618.5310144882511 140.2563693150865 628.5113082281457 134.21570854662605 641.8643478215845 130.88237521329273 646.8643478215845 125.88237521329273 650.1976811549179 116.43793076884839 662.9754589326957 114.21570854662616 674.0865700438069 113.10459743551502 688.5310144882513 110.73086006177775 712.297627991707 108.45813278905044 724.5703552644343 109.82176915268681 748.206718900798 114.36722369814134 780.933991628071 115.73086006177772 798.2067189007984 123.45813278905047 816.843082537162 131.57503057373333 842.353332717594 133.00358733450503 846.8430825371621 137.23365200588955 851.8866211838128 144.8217691526869 860.9339916280712 173.00358733450514 875.9339916280712 391.6399509708693 915.0249007189805 409.367223698142 914.570355264435 422.54904187996016 912.7521734462532 585.2763146072333 805.9339916280711 590.7308600617788 795.9339916280711
1 39 767.1883592634388 694.7634347280231 725.6732077482873 726.5816165462049 715.6732077482873 729.611919576508 602.9459350210144 730.8240407886292 594.4650061546226 728.7038085720312 594.3672236981424 717.7521734462528 593.003587334506 691.3885370826164 590.2763146072333 676.3885370826163 586.6399509708697 670.4794461735254 579.3672236981424 660.4794461735254 558.3698823298333 654.4295137284319 561.2731081362849 650.235965341335 562.2408500717688 643.7843524381093 561.2731081362849 635.3972556639158 558.6924629749947 632.1714492123028 551.2731081362849 629.5908040510125 539.0150436201559 629.5908040510125 535.4666565233817 631.8488685671415 535.789237168543 635.0746750187544 529.2227848833585 627.0636032308294 531.733813808893 615.0664650310533 535.0671471422264 602.9452529098412 541.1277532028325 591.73313169772 545.3849965228071 583.2217264266816 547.4913895664689 579.6119195765078 549.2324874930819 576.4613614235892 553.8550259301053 568.0967680613563 560.2186622937417 562.0361620007503 568.4004804755598 559.9149498795382 590.5216925967719 557.4907074552957 616.8853289604083 555.9755559401442 617.7944198694993 552.9452529098412 620.521692596772 549.9149498795382 622.6429047179842 551.73313169772 624.872921477478 555.6036435783124 649.6644946091606 556.4585254104393 679.8667971196083 557.4999841176962 680.6421522467089 557.5267205013893 690.5216925967723 558.702828667417 707.4913895664693 561.4301013946896 722.0368441119238 565.0664650310532 735.6413582713159 579.4748344394228 735.996289393697 582.5743474162824 739.1969138268714 584.5859455505339 741.4307835058632 586.2785862431745 751.4307835058632 595.0664650310533 763.5519956270753 595.3694953340836 766.5822986573784 596.5816165462048 769.0065410816208 601.1270710916593 768.0974501725299 606.8846468492352 762.6429047179844 609.0058589704472 755.3701774452571 608.702828667417 760.218662293742 614.763434728023 769.0065410816208 625.3694953340837 769.9156319907117 633.8543438189322 769.309571384651 649.3088892734776 769.9384655776914 658.4907444918682 770.8247228998025 671.4301013946897
1 40 823.2400002903498 596.0856064395556 819.9066669570163 609.1159094698587 815.0581821085316 630.6310609850102 799.6036366539861 632.7522731062223 793.5430305933801 635.7825761365253 788.6945457448951 640.6310609850102 787.482424532774 648.5098488637981 790.2096972600467 651.5401518941012 796.3895489446882 653.6793313234001 798.7376086621542 654.0191441307179 802.1724663747632 654.2674246213738 803.0367644066516 654.4225249286978 803.8210820426382 654.4350804520052 806.1067963283525 655.0065090234338 805.2496534712096 657.5779375948623 802.9369699873193 657.9037882577375 771.7248487751981 658.8128791668285 769.9384655776914 658.4907444918682 769.309571384651 649.3088892734776 769.9156319907117 633.8543438189322 769.0065410816208 625.3694953340837 760.218662293742 614.763434728023 755.3701774452571 608.702828667417 762.6429047179844 609.0058589704472 768.0974501725299 606.8846468492352 769.0065410816208 601.1270710916593 766.5822986573784 596.5816165462048 763.5519956270753 595.3694953340836 751.4307835058632 595.0664650310533 741.4307835058632 586.2785862431745 739.1969138268714 584.5859455505339 739.208274467102 575.9672399042328 739.9066669570163 574.5704549244041 752.0278790782285 573.3583337122828 757.1803676240281 573.4414383662473 769.2839426499876 573.636657318279 781.8152714151959 573.8387755241695 789.6036366539861 573.9643943183435 797.482424532774 573.9643943183435 806.8763639267133 574.5704549244041 810.8157578661073 578.509848863798 820.2096972600467 590.0250003789496 824.1490911994406 593.358333712283 824.1476685219616 593.36260174472
1 41 842.3309093812588 576.0856064395556 838.3915154418648 578.8128791668283 832.3309093812588 584.2674246213738 825.0581821085316 593.0553034092526 824.1476685219616 593.36260174472 824.1490911994406 593.358333712283 820.2096972600467 590.0250003789496 810.8157578661073 578.509848863798 806.8763639267133 574.5704549244041 797.482424532774 573.9643943183435 789.6036366539861 573.9643943183435 781.8152714151959 573.8387755241695 784.4521215024708 564.8734852274343 791.1187881691376 558.2068185607677 796.0469376613702 557.4601292437628 800.3797150939616 556.8036478145823 801.1187881691376 556.6916670456162 802.3309093812588 556.6916670456162 833.5430305933801 556.9946973486465 839.3006063509558 558.2068185607677 841.7248487751983 559.418939772889 844.4521215024711 561.8431821971313 844.6059254764222 562.1123391515458 845.6642427145922 563.9643943183435 848.1904021426207 569.1112812890713 848.391515441865 569.7219700759192 852.6339396842892 576.9946973486465 851.4283257623593 576.8883196496527
1 42 1115.7590547416223 833.0048498942512 1107.9812769638445 866.3381832275845 1102.9812769638445 874.671516560918 1092.425721408289 878.5604054498068 1070.2034991860667 885.2270721164734 837.9812769638439 886.8937387831402 783.5368325193994 877.4492943386957 765.203499186066 871.3381832275845 759.0923880749549 863.5604054498068 755.203499186066 827.4492943386956 751.8701658527326 771.89373878314 754.6479436305103 731.8937387831398 759.0923880749549 718.004849894251 766.8701658527327 700.2270721164732 771.3146102971772 691.3381832275843 772.9812769638438 676.89373878314 777.4257214082883 672.4492943386954 785.2034991860661 669.6715165609177 796.4816946747878 665.2539640905046 805.2496534712096 657.5779375948623 806.1067963283525 655.0065090234338 803.8210820426382 654.4350804520052 803.0367644066516 654.4225249286978 803.0367644066516 654.4225249286978 802.1724663747632 654.2674246213738 798.7376086621542 654.0191441307179 796.3895489446882 653.6793313234001 790.2096972600467 651.5401518941012 787.482424532774 648.5098488637981 788.6945457448951 640.6310609850102 793.5430305933801 635.7825761365253 799.6036366539861 632.7522731062223 815.0581821085316 630.6310609850102 819.9066669570163 609.1159094698587 823.2400002903498 596.0856064395556 824.1476685219616 593.36260174472 825.0581821085316 593.0553034092526 832.3309093812588 584.2674246213738 838.3915154418648 578.8128791668283 842.3309093812588 576.0856064395556 851.4283257623593 576.8883196496527 852.6339396842892 576.9946973486465 863.2175099167514 577.0753794567327 863.2175099167514 577.0753794567327 919.3222539862179 575.5255246481839 943.0406359403873 574.870320726798 1002.1937341880105 575.6581557224138 1007.5666491380314 575.7297152949719 1009.0112734661577 575.7489556329243 1009.0221124905922 575.9921562436748 1012.3554458239255 575.9921562436748 1012.3526747907384 575.93754143904 1035.910569893137 578.0409249303257 1039.5469335295008 578.9500158394167 1042.1542172840955 581.9584201716413 1045.4560244385916 585.7681976575984 1053.1832971658644 607.5863794757803 1056.2008361756214 617.187639961371 1058.1832971658644 623.4954703848712 1065.0014789840463 628.4954703848713 1072.728751711319 628.4954703848713 1079.5469335295008 630.7681976575985 1083.6378426204099 635.313652203053 1087.728751711319 643.0409249303258 1090.0014789840463 648.0409249303258 1086.3651153476826 651.6772885666894 1071.819660802228 655.7681976575985 1072.2742062567736 659.8591067485077 1091.8701658527334 672.4492943386953 1098.5368325194 680.7826276720286 1102.9812769638445 688.0048498942508 1108.5368325194 694.115961005362 1109.247539770082 696.7049659899895 1114.1621313574578 714.6081210582868 1116.3146102971778 722.4492943386954 1120.203499186067 771.89373878314
1 43 1002.1937341880105 575.6581557224138 999.5564697519402 569.8284132847848 988.266147171295 563.0542197363977 978.5887278164563 562.4090584460752 930.8467923325853 562.4090584460752 926.3306633003272 563.0542197363977 921.8145342680691 568.2155100589783 919.2338891067789 574.6671229622042 919.3222539862179 575.5255246481839 943.0406359403873 574.870320726798
1 44 1634.6059930404276 610.0831328414107 1595.1059930404276 604.5831328414107 1593.1059930404276 604.5831328414107 1547.6059930404276 602.0831328414107 1518.1059930404274 602.5831328414107 1463.1059930404274 607.5831328414107 1421.6059930404272 613.5831328414108 1403.6059930404272 622.5831328414108 1380.1059930404272 638.5831328414108 1370.1059930404272 647.5831328414108 1366.4460877809126 652.1580144158041 1360.1059930404272 660.0831328414108 1357.5175344412 656.3832507250526 1355.374677298343 654.9546792964811 1350.1365820602477 655.4308697726716 1343.7080106316762 657.5737269155287 1339.8984868221523 662.0975364393382 1335.6127725364381 669.4784888202906 1326.8032487269143 671.6213459631477 1321.8032487269143 671.6213459631477 1317.9937249173904 673.764203106005 1312.9937249173904 678.5261078679097 1307.5175344412 683.5261078679097 1301.327058250724 692.3356316774335 1296.3270582507237 707.3356316774334 1295.612772536438 723.7642031060049 1295.612772536438 725.0243984721759 1295.612772536438 746.859441201243 1296.803248726914 752.5737269155287 1298.9461058697714 763.7642031060047 1303.469915393581 778.2880126298144 1322.5175344412 794.4784888202905 1463.8405993736997 868.3660395451329 1521.3694643658728 889.1752512604123 1578.5916865880952 891.3974734826346 1642.480575476984 884.730806815968 1703.03613103254 872.5085845937457 1732.4805754769845 860.8419179270791 1744.7027976992067 847.5085845937456 1754.147242143651 828.0641401493011 1755.7688810766008 817.7877764302624 1757.27836224317 808.2221590912112 1762.4600308905408 775.3858040864228 1762.368328023987 771.7866431311205 1762.0841531325639 760.6333257690367 1760.7938305519187 748.3752612529076 1761.770375718127 719.1789075346986 1761.0807205457131 714.3513213278021 1761.0807205457131 700.5582178795262 1761.0807205457131 700.5582178795262 1760.7358929595064 697.1099420174572 1755.9083067526099 692.9720109829744 1747.2876170974373 686.0754592588365 1733.4945136491615 677.7995971898711 1717.2876170974369 661.937528224354 1700.0462377870917 647.1099420174575 1684.8738239939885 634.6961489140092 1665.5321929239853 622.9282397664168 1659.1455568060676 620.2250118353195 1647.7819204424313 615.4522845625922
1 46 1367.4823855269096 628.2053311813786 1365.3395283840528 624.9910454670928 1364.625242669767 618.9196168956643 1362.125242669767 617.13390260995 1356.768099812624 616.0624740385215 1352.8395283840525 613.9196168956643 1335.6966712411954 589.9910454670928 1328.3869838520882 584.0014134254707 1316.0637347332588 573.9036180137234 1310.785956955481 563.9036180137234 1310.2260391826276 563.7480852990419 1305.785956955481 562.5147291248345 1266.3415125110364 560.5702846803902 1260.4125098516647 561.3853466531866 1260.0093357775909 561.3997457272607 1254.8125098516646 561.5853466531867 1223.9190802717692 562.0200968344881 1222.5440425973977 562.0394471586948 1217.5440425973977 562.5394471586948 1205.585867853515 562.7287401160297 1193.285956955481 566.6813957915012 1185.5677920360267 572.7746838858071 1177.4526236221475 579.1813957915012 1168.285956955481 598.9036180137234 1163.0081791777034 599.1813957915015 1156.6192902888145 599.4591735692793 1153.5637347332588 601.1258402359459 1151.6192902888145 605.5702846803904 1152.1748458443699 609.7369513470571 1153.2859569554812 613.3480624581682 1145.5081791777034 619.1813957915016 1138.0081791777034 627.5147291248348 1136.3415125110366 644.7369513470571 1136.952513376756 658.5863043033656 1137.1748458443699 663.625840235946 1138.2859569554812 682.2369513470571 1141.3415125110366 688.0702846803905 1190.2304013999255 720.2925069026128 1294.67484584437 725.014729124835 1295.612772536438 725.0243984721759 1295.612772536438 723.7642031060049 1296.3270582507237 707.3356316774334 1301.327058250724 692.3356316774335 1307.5175344412 683.5261078679097 1312.9937249173904 678.5261078679097 1317.9937249173904 673.764203106005 1321.8032487269143 671.6213459631477 1326.8032487269143 671.6213459631477 1335.6127725364381 669.4784888202906 1339.8984868221523 662.0975364393382 1343.7080106316762 657.5737269155287 1350.1365820602477 655.4308697726716 1355.374677298343 654.9546792964811 1357.5175344412 656.3832507250526 1360.1059930404272 660.0831328414108 1366.4460877809126 652.1580144158041 1366.0538140983383 651.4196168956644 1366.4109569554812 631.7767597528072
1 47 1185.5677920360267 572.7746838858071 1184.5103821920907 572.0747083553142 1184.084850277197 572.0747083553142 1164.5103821920907 571.223644525527 1144.1421215768862 570.8162793132229 1143.2337864474098 570.7981126106334 1123.8720843197502 571.0108785680802 1117.2763396388991 573.1385381425483 1113.2337864474098 575.69172963191 1108.55293538358 581.4364104829739 1105.148680064431 587.3938572914844 1102.3827226176224 591.223644525527 1099.4039992133671 591.223644525527 1093.6593183623033 591.0108785680802 1091.3188928303884 591.8619423978674 1090.2550630431545 593.9896019723355 1090.8933609154947 595.9044955893569 1093.4465524048564 597.3938572914844 1090.0422970857076 607.3938572914844 1088.7657013410267 620.7981126106334 1088.102967485266 629.0822858076443 1087.9146375112396 631.4364104829738 1087.9146375112396 639.0959849510589 1088.1274034686865 643.7768360148887 1090.2550630431545 645.69172963191 1111.7444247452822 656.5427934616972 1123.6593183623033 657.819389206378 1136.952513376756 658.5863043033656 1136.3415125110366 644.7369513470571 1138.0081791777034 627.5147291248348 1145.5081791777034 619.1813957915016 1153.2859569554812 613.3480624581682 1152.1748458443699 609.7369513470571 1151.6192902888145 605.5702846803904 1153.5637347332588 601.1258402359459 1156.6192902888145 599.4591735692793 1163.0081791777034 599.1813957915015 1168.285956955481 598.9036180137234 1177.4526236221475 579.1813957915012
1 48 1144.1421215768862 570.8162793132229 1143.446552404857 569.7342828233996 1138.7657013410271 566.7555594191442 1133.6593183623038 565.904495589357 1110.255063043155 566.5427934616974 1101.1948409745332 566.5427934616974 1095.9997438942187 566.5427934616974 1090.042297085708 568.2449211212719 1085.9997438942187 571.0108785680804 1080.4678290006016 579.3087509085059 1079.5298298677499 583.7671398787195 1077.439796040011 583.6087538731628 1077.1223357225508 580.5928808572897 1069.6620182622332 580.4341506985596 1068.392176992392 581.3865316509406 1068.392176992392 583.1325633969723 1071.0905896908048 585.6722459366548 1073.471542071757 585.9897062541152 1076.6461452463602 586.4658967303056 1073.471542071757 591.2278014922103 1072.2017008019159 596.4658967303056 1071.8842404844554 608.6881189525279 1071.785950461566 616.1581606921264 1071.7255103257253 620.75161101602 1072.5191611193761 623.9262141906231 1076.1699547701696 626.3071665715755 1088.102967485266 629.0822858076443 1088.7657013410267 620.7981126106334 1090.0422970857076 607.3938572914844 1093.4465524048564 597.3938572914844 1090.8933609154947 595.9044955893569 1090.2550630431545 593.9896019723355 1091.3188928303884 591.8619423978674 1093.6593183623033 591.0108785680802 1099.4039992133671 591.223644525527 1102.3827226176224 591.223644525527 1105.148680064431 587.3938572914844 1108.55293538358 581.4364104829739 1113.2337864474098 575.69172963191 1117.2763396388991 573.1385381425483 1123.8720843197502 571.0108785680802 1143.2337864474098 570.7981126106334
1 49 1101.1948409745332 566.5427934616974 1095.9997438942187 566.5427934616974 1090.042297085708 568.2449211212719 1085.9997438942187 571.0108785680804 1080.4678290006016 579.3087509085059 1079.5298298677499 583.7671398787195 1077.439796040011 583.6087538731628 1077.1223357225508 580.5928808572897 1069.6620182622332 580.4341506985596 1068.392176992392 581.3865316509406 1068.392176992392 583.1325633969723 1071.0905896908048 585.6722459366548 1073.471542071757 585.9897062541152 1076.6461452463602 586.4658967303056 1073.471542071757 591.2278014922103 1072.2017008019159 596.4658967303056 1071.8842404844554 608.6881189525279 1071.785950461566 616.1581606921264 1068.8683674685822 616.7833570477658 1056.2008361756214 617.187639961371 1053.1832971658644 607.5863794757803 1045.4560244385916 585.7681976575984 1042.1542172840955 581.9584201716413 1043.4715420717566 574.5611348255436 1040.2969388971535 574.5611348255436 1037.7572563574709 572.6563729207817 1038.0747166749313 570.5928808572896 1039.5032881035027 569.1643094287182 1041.0905896908043 569.1643094287182 1044.7413833415978 570.1166903810991 1048.0747166749313 562.6563729207817 1051.0905896908043 559.4817697461785 1054.1064627066773 558.0531983176071 1062.9953515955663 557.894468158877 1080.6143992146137 557.894468158877 1087.7572563574709 557.7357380001467 1095.6937642939788 558.2119284763372 1099.9794785796933 559.957960222369 1101.5667801669947 564.8785951430038 1101.5667801669947 565.0373253017341
1 50 443.294027999799 564.3251653332653 442.1829168886879 560.8066468147467 439.4051391109101 553.2140542221541 437.7384724442434 551.1770171851172 435.33106503683604 549.5103505184504 426.07180577757674 548.2140542221541 421.03805101537165 548.5395928700376 407.9236576294286 549.6955357036356 407.55328725905827 549.6955357036356 404.03476874053973 551.5473875554875 401.25699096276196 555.0659060740061 396.6273613331323 555.4362764443764 389.0347687405397 555.991831999932 388.47921318498413 558.5844245925246 388.1088428146138 561.7325727406727 388.1088428146138 564.8807208888209 389.4455289284005 567.7323179315658 413.2085920072525 567.9779008252059 442.5718822898581 568.484164450768 442.9236576294286 567.2881282962283
1 52 679.8667971196083 557.4999841176962 679.8667971196083 551.7080989414884 678.7857160385273 547.1135043468938 675.8127430655543 543.5999908333803 666.0830133358246 543.32972056311 656.0830133358246 544.4108016441911 653.3803106331219 545.4918827252721 651.48841874123 546.8432340766235 649.3262565790678 555.7621529955425 649.6644946091606 556.4585254104393
7 53 849.3753137796007 567.9961089420549 848.926134688244 559.3547588035744 847.9500130462325 540.5760376905913 847.1963593494036 526.0771760944535 846.6754270333943 516.0554305864655 842.6011202312136 437.67352829689344 847.4398299086329 437.0283670065709 850.9487024045017 516.10598945174 851.3879602531144 526.0053136219889 853.2465023693074 567.8903042951436
6 54 0 898.7727735369763 137.23365200588955 851.8866211838128 148.6717794991709 847.9787619929646 144.92177949917084 837.9787619929645 131.57503057373333 842.353332717594 0 885.4787619929646
6 55 540.4412600186542 1074.809028948233 541.2553224137855 1073.7964147494113 541.6413267475698 1073.3162630171428 689.5321691095639 889.3544834936868 667.7678150425785 878.4065169865103 492.35225804644466 1075.6137731828276 492.31546939316064 1075.6551320537142 492.25944183683595 1075.718119857324
6 56 1599.0111761805128 1080 1598.3309350665331 1079.4804679238666 1597.2189912539977 1078.6312242283623 1347.415034051644 887.844213792628 1108.9775878377259 694.9695607105573 1109.247539770082 696.7049659899895 1114.1621313574578 714.6081210582868 1218.5929724531106 812.2772530182499 1396.285280145419 964.5849453259424 1533.093033130914 1077.9652436290583 1534.7975275482563 1079.3778542543841 1535.5482255333652 1080
6 57 1919.7457402770765 853.9684569431482 1757.27836224317 808.2221590912112 1750.3319204013007 806.266234145817 1745.9840943143442 814.9618863197301 1755.7688810766008 817.7877764302624 1920 865.2184569431482
7 58 365.19375346036077 567.4816843673832 362.5088919150659 443.30683789749196 357.89350729968123 443.6914532821074 359.39782744837163 567.4217855118937
7 59 916.8552510101941 535.6824717680614 916.8302106392924 530.2116613773584 916.6954660641277 500.7727195662722 916.4694325578486 451.3890079729284 918.9084569480924 451.6329104119528 918.84008357201 502.3500535004466 918.8028131234296 529.9960581579573 918.7955495176568 535.3839643053748
1 62 916.8302106392924 530.2116613773584 916.6954660641277 500.7727195662722 916.2280640484266 500.3053175505712 914.1826095029721 499.85077209602576 907.8189731393358 500.07804482329846 901.6826095029721 502.8053175505712 898.5007913211539 504.1689539142076 894.1826095029721 508.03259027784395 892.8189731393356 513.2598630051167 888.7280640484266 515.9871357323893 880.3189731393356 519.6234993687531 875.091700412063 523.2598630051167 873.9553367756994 525.0780448232985 874.4098822302448 530.0780448232985 875.5462458666084 536.8962266414803 878.2735185938811 538.7144084596621 885.3189731393356 538.4871357323894 900.5462458666084 537.3507720960258 904.1826095029721 536.2144084596621 908.5007913211539 533.4871357323894 909.4098822302449 531.2144084596621
1 63 937.1371549575176 525.3053175505712 934.6371549575176 527.5780448232985 926.0007913211539 529.3962266414803 918.8028131234296 529.9960581579573 918.84008357201 502.3500535004466 919.8644276847903 502.8053175505712 925.5462458666085 502.8053175505712 930.091700412063 502.57804482329846 936.4553367756994 502.57804482329846 938.0462458666085 504.623499368753 937.591700412063 515.532590277844 938.7280640484266 522.1234993687531 937.5458730389673 524.4878813876718
1 65 964.1056652220501 520.0713793148014 964.1056652220501 494.9713280794952 960.8703035981264 495.83409117920826 957.8194561404994 497.867989484293 958.666913767618 520.0713793148014 958.7273915781667 520.0713793148014
1 66 988.1584391913468 498.20697253514044 986.9630229769359 495.90057276892196 981.9630229769358 495.90057276892196 978.7487372626501 494.1148584832077 971.3787781743977 494.1391759249709 967.7151779562578 494.36815093860463 967.9240988152969 518.8118914461872 968.5504151279056 518.596595213728 969.6838629201603 518.2069725351405 971.5482696998214 514.8171420266658 973.0736934286349 513.461209823276 986.1833310528227 513.2973393529737 986.6330154625332 513.2917182978523 987.4804730896519 511.76629456903873 987.988947665923 506.8510403317506
5 67 822.4342797081133 529.7716355047704 833.7108754527942 529.5588695473236 834.248948699553 537.629968248706 834.2790282682467 538.081161779112 834.5619392825814 542.3248269941321 822.6548493983782 542.1956442266331 822.5294488517831 535.1322191352117 822.495358252613 533.2120010811569
1 74 1223.9190802717692 562.0200968344881 1224.2788497217084 561.098187619019 1230.407881979773 558.1949618125673 1249.4401400442891 556.2594779415996 1250.0853013346118 556.2594779415996 1254.7133067888662 557.4667837122746 1254.8125098516646 561.5853466531867
1 75 1341.0530432700955 558.84012310289 1340.4078819797728 554.9691553609546 1325.2465916571923 554.6465747157932 1324.2788497217084 554.6465747157932 1317.5046561733213 554.3239940706319 1314.9240110120309 555.2917360061158 1310.2260391826276 563.7480852990419 1310.785956955481 563.9036180137234 1316.0637347332588 573.9036180137234 1328.3869838520882 584.0014134254707 1329.7627206894504 584.0014134254707 1337.5046561733213 583.6788327803094 1338.472398108805 577.5498005222448 1336.5369142378374 567.5498005222448 1337.5046561733213 563.6788327803093
1 87 791.1187881691376 558.2068185607677 784.4521215024708 564.8734852274343 781.8152714151959 573.8387755241695 757.1803676240281 573.4414383662473 757.5177428555776 569.983342242865 758.5111212488076 564.4488054805834 758.976076188911 561.858342242865 761.6844095222443 556.6500089095316 767.3094095222443 554.983342242865 776.2677428555776 554.358342242865 785.6427428555776 553.5250089095316 790.6427428555776 554.358342242865 800.226076188911 556.6500089095316 800.3797150939616 556.8036478145823
1 88 844.6059254764222 562.1123391515458 844.4521215024711 561.8431821971313 841.7248487751983 559.418939772889 839.3006063509558 558.2068185607677 833.5430305933801 556.9946973486465 802.3309093812588 556.6916670456162 801.1187881691376 556.6916670456162 800.3797150939616 556.8036478145823 800.226076188911 556.6500089095316 790.6427428555776 554.358342242865 785.6427428555776 553.5250089095316 776.2677428555776 554.358342242865 767.3094095222443 554.983342242865 761.6844095222443 556.6500089095316 758.976076188911 561.858342242865 758.5111212488076 564.4488054805834 750.851076188911 562.2750089095316 748.7677428555776 558.5250089095316 750.6427428555776 551.0250089095316 750.851076188911 544.1500089095316 758.976076188911 536.858342242865 768.1427428555776 533.733342242865 778.1427428555776 531.858342242865 787.9344095222443 530.608342242865 798.5594095222443 531.233342242865 813.1427428555776 532.6916755761983 822.5294488517831 535.1322191352117 822.6548493983782 542.1956442266331 834.5619392825814 542.3248269941321 834.248948699553 537.629968248706 837.3094095222443 537.9000089095316 845.226076188911 538.9416755761983 847.9500130462325 540.5760376905913 848.926134688244 559.3547588035744 849.3753137796007 567.9961089420549 853.2465023693074 567.8903042951436 857.2791866815537 567.9715295403813 860.8506152529822 570.8286723975241 863.3506152529822 576.5429581118096 863.2175099167514 577.0753794567327 852.6339396842892 576.9946973486465 848.391515441865 569.7219700759192 848.1904021426207 569.1112812890713 847.1793942297437 566.9946973486465 845.6642427145922 563.9643943183435
1 111 41.520741598536574 585.5148039239623 55.57479565259064 585.7850741942326 56.11533619313116 585.5148039239623 57.7369578147528 581.7310201401785 58.277498355293346 575.5148039239623 55.57479565259064 569.8391282482867 51.250471328266315 568.217506626665 46.655876733671704 565.7850741942326 39.953570497447046 565.7850741942326 39.89911997691493 565.7850741942326 40.61605183058768 574.5077450805842
1 112 36.655876733671704 564.7039931131515 36.356006943133686 564.5655916713647 33.14236322015819 563.0823714915299 28.547768625563577 558.4877768969352 28.547768625563577 558.217506626665 25.03425511205006 557.136425545584 17.73695781475277 556.3256147347731 15.574795652590609 556.5958850050433 17.196417274212223 583.8931823023406 36.6038455225666 584.6799699340307 37.19641727421225 584.7039931131515
1 113 10.685425715426533 555.880005020781 0 555.880005020781 0 584.4911161318921 0 584.7688939096699 10.685425715426533 583.6577827985587
7 114 37.09153564229075 589.4349486013411 37.19641727421225 584.7039931131515 36.655876733671704 564.7039931131515 36.356006943133686 564.5655916713647 36.52010707086214 564.2920914584839 37.09153564229075 496.5778057441982 40.520107070862196 496.0063771727696 39.94867849943358 565.7206628870554 39.953570497447046 565.7850741942326 39.89911997691493 565.7850741942326 40.61605183058768 574.5077450805842 41.032560152491556 589.2929954177373
7 134 1250.0853013346118 556.2594779415996 1249.4401400442891 556.2594779415996 1230.407881979773 558.1949618125673 1224.2788497217084 561.098187619019 1223.9190802717692 562.0200968344881 1222.5440425973977 562.0394471586948 1219.8554296616871 508.71529060043645 1227.3117194179597 508.4667476085607 1226.6867194179597 482.5292476085607 1218.219437385203 482.67036897577333 1217.5440425973977 472.5394471586949 1217.6147789041004 461.50458331308334 1234.1867194179597 460.1681364974495 1233.0756083068486 447.3903587196718 1217.7002431756798 448.17215694668033 1217.7940425973977 433.5394471586949 1218.2703739583444 432.79092644863573 1221.0440425973977 433.7894471586949 1242.436913375673 449.77780321403736 1238.6311638624043 450.1681364974495 1238.6311638624043 480.16813649744955 1252.8474000732722 480.0008866596746 1254.7133067888662 557.4667837122746
-1 134 1250.034608238329 486.37284013828173 1238.784608238329 486.06034013828173 1238.784608238329 512.3103401382817 1249.097108238329 511.37284013828173
11 184 1533.093033130914 1077.9652436290583 1396.285280145419 964.5849453259424 1218.5929724531106 812.2772530182499 1114.1621313574578 714.6081210582868 1116.3146102971778 722.4492943386954 1120.203499186067 771.89373878314 1115.7590547416223 833.0048498942512 1107.9812769638445 866.3381832275845 1102.9812769638445 874.671516560918 1092.425721408289 878.5604054498068 1070.2034991860667 885.2270721164734 837.9812769638439 886.8937387831402 783.5368325193994 877.4492943386957 765.203499186066 871.3381832275845 759.0923880749549 863.5604054498068 755.203499186066 827.4492943386956 751.8701658527326 771.89373878314 754.6479436305103 731.8937387831398 759.0923880749549 718.004849894251 766.8701658527327 700.2270721164732 771.3146102971772 691.3381832275843 772.9812769638438 676.89373878314 777.4257214082883 672.4492943386954 785.2034991860661 669.6715165609177 796.4816946747878 665.2539640905046 805.2496534712096 657.5779375948623 806.1067963283525 655.0065090234338 803.8210820426382 654.4350804520052 803.8210820426382 654.4350804520052 803.8210820426382 654.4350804520052 806.1067963283525 655.0065090234338 805.2496534712096 657.5779375948623 802.9369699873193 657.9037882577375 771.7248487751981 658.8128791668285 769.9384655776914 658.4907444918682 770.8247228998025 671.4301013946897 767.1883592634388 694.7634347280231 725.6732077482873 726.5816165462049 715.6732077482873 729.611919576508 602.9459350210144 730.8240407886292 594.4650061546226 728.7038085720312 594.8217691526879 768.6612643553437 590.7308600617788 795.9339916280711 585.2763146072333 805.9339916280711 422.54904187996016 912.7521734462532 409.367223698142 914.570355264435 391.6399509708693 915.0249007189805 173.00358733450514 875.9339916280712 144.8217691526869 860.9339916280712 137.23365200588955 851.8866211838128 0 898.7727735369763 0 1080 359.8490434461935 1080 375.682376779527 1074.9901690951806 393.182376779527 1071.656835761847 408.1823767795271 1071.656835761847 491.5157101128608 1075.823502428514 492.31546939316064 1075.6551320537142 667.7678150425785 878.4065169865103 689.5321691095639 889.3544834936868 541.6413267475698 1073.3162630171428 543.1823767795277 1074.156835761847 564.015710112861 1079.156835761847 1294.8490434461974 1080 1307.3490434461974 1073.323502428514 1317.3490434461974 1071.6568357618473 1347.3490434461974 1073.323502428514 1454.0157101128646 1073.323502428514 1472.349043446198 1072.4901690951806 1487.349043446198 1077.4901690951806
11 186 1920 1080 1920 865.2184569431482 1755.7688810766008 817.7877764302624 1754.147242143651 828.0641401493011 1744.7027976992067 847.5085845937456 1732.4805754769845 860.8419179270791 1703.03613103254 872.5085845937457 1642.480575476984 884.730806815968 1578.5916865880952 891.3974734826346 1521.3694643658728 889.1752512604123 1463.8405993736997 868.3660395451329 1322.5175344412 794.4784888202905 1303.469915393581 778.2880126298144 1298.9461058697714 763.7642031060047 1296.803248726914 752.5737269155287 1295.612772536438 746.859441201243 1295.612772536438 725.0243984721759 1294.67484584437 725.014729124835 1190.2304013999255 720.2925069026128 1141.3415125110366 688.0702846803905 1138.2859569554812 682.2369513470571 1137.1748458443699 663.625840235946 1136.952513376756 658.5863043033656 1123.6593183623033 657.819389206378 1111.7444247452822 656.5427934616972 1090.2550630431545 645.69172963191 1088.1274034686865 643.7768360148887 1087.9146375112396 639.0959849510589 1087.9146375112396 631.4364104829738 1088.102967485266 629.0822858076443 1076.1699547701696 626.3071665715755 1072.5191611193761 623.9262141906231 1071.7255103257253 620.75161101602 1071.785950461566 616.1581606921264 1068.8683674685822 616.7833570477658 1056.2008361756214 617.187639961371 1058.1832971658644 623.4954703848712 1065.0014789840463 628.4954703848713 1072.728751711319 628.4954703848713 1079.5469335295008 630.7681976575985 1083.6378426204099 635.313652203053 1087.728751711319 643.0409249303258 1090.0014789840463 648.0409249303258 1086.3651153476826 651.6772885666894 1071.819660802228 655.7681976575985 1072.2742062567736 659.8591067485077 1091.8701658527334 672.4492943386953 1098.5368325194 680.7826276720286 1102.9812769638445 688.0048498942508 1108.5368325194 694.115961005362 1109.247539770082 696.7049659899895 1108.9775878377259 694.9695607105573 1347.415034051644 887.844213792628 1597.2189912539977 1078.6312242283623 1729.0157101128784 1080
7 189 1665.3342798433675 615.657574855692 1663.5616848770683 567.2921453235615 1664.4251889342768 559.2939384920558 1666.1932638244366 549.3974084814563 1663.9706434797313 547.475756673874 1662.1524616615493 542.475756673874 1651.4564217191737 406.23951374461456 1628.9107610699662 244.56108760680658 1621.960182689029 209.4932433687803 1623.725575884781 206.4129394586585 1621.880615030787 206.621539850945 1621.5106877395335 204.59418521972214 1621.5106877395335 204.59418521972214 1622.87432410317 199.1396397651767 1624.0234721736442 194.47868270808783 1617.3383404350454 156.78258457909715 1607.052626149331 133.06829886481148 1602.6470513758975 127.32145794699488 1600.3743241031702 126.86691249244943 1600.3743241031702 126.86691249244943 1599.6240547207597 134.21115600766862 1599.052626149331 139.35401315052576 1595.6240547207597 143.92544172195431 1591.3383404350454 147.92544172195431 1589.4734836758303 152.95464314057 1591.0526261493312 161.9254417219543 1599.052626149331 177.92544172195426 1603.1015968304428 190.95782158335845 1609.4652331940792 203.6850943106312 1613.3383404350454 215.06829886481134 1619.052626149331 259.6397274362398 1636.2293538788053 390.0644967042824 1646.9732539621398 543.4827313304844 1645.0755077249594 550.8337274735128 1644.306587295473 558.4827313304843 1646.9732539621398 567.4827313304843 1647.7819204424313 615.4522845625922 1659.1455568060676 620.2250118353195 1665.5321929239853 622.9282397664168
9 216 108.45813278905044 724.5703552644343 109.82176915268681 748.206718900798 114.36722369814134 780.933991628071 115.73086006177772 798.2067189007984 123.45813278905047 816.843082537162 124.62046139176876 820.4961152885624 0 852.7345978872387 0 734.9197506658447 109.8989518162342 716.7899325176421
6 217 134.21570854662605 641.8643478215845 130.88237521329273 646.8643478215845 129.8197164300717 647.5727870103985 0 660.9592731829574 0 656.9092532794891 134.8375468222195 640.48975794922
11 218 131.57503057373333 842.353332717594 0 885.4787619929646 0 852.7345978872387 124.62046139176876 820.4961152885624
11 219 0 660.9592731829574 129.8197164300717 647.5727870103985 125.88237521329273 650.1976811549179 116.43793076884839 662.9754589326957 114.21570854662616 674.0865700438069 113.10459743551502 688.5310144882513 110.73086006177775 712.297627991707 109.8989518162342 716.7899325176421 0 734.9197506658447
11 220 134.8375468222195 640.48975794922 0 656.9092532794891 0 640.0343928291456 140.2563693150865 628.5113082281457
11 221 1920 865.2184569431482 1919.7457402770765 853.9684569431482 1757.27836224317 808.2221590912112 1762.4600308905408 775.3858040864228 1762.368328023987 771.7866431311205 1920 805.963050484759
11 222 549.2324874930819 576.4613614235892 542.4166751257866 576.3772155918942 542.9259801293646 577.1561526561899 545.3849965228071 583.2217264266816 539.9751604572334 584.0413985578291 536.0407342277254 584.2053329840586 530.794832588381 583.3856608529111 530.9587670146105 576.8282838037309 531.4800383964681 576.0137972695784 521.7019650074657 575.6851225338136 521.874378800569 582.0644328786411 504.97782707643137 582.2368466717445 504.28817190401753 575.857536326917 470.86633454068095 575.9956430928812 473.85375329757517 577.6553201800447 483.5311726524139 584.7520943735931 503.53117265241394 600.235965341335 519.6602049104785 615.3972556639156 529.2227848833585 627.0636032308294 531.733813808893 615.0664650310533 535.0671471422264 602.9452529098412 541.1277532028325 591.73313169772 545.3849965228071 583.2217264266816 547.4913895664689 579.6119195765078
11 223 1007.5666491380314 575.7297152949719 1005.412374206443 569.4464134111724 1000.6046818987508 550.9848749496342 996.758528052597 532.3310287957884 992.3354511295202 527.7156441804037 989.4508357449047 522.3310287957885 986.1833310528227 513.2973393529737 973.0736934286349 513.461209823276 971.5482696998214 514.8171420266658 969.6838629201603 518.2069725351405 968.5504151279056 518.596595213728 968.6816049756742 522.1387211034807 964.4508357449051 522.3310287957885 964.1972070624468 520.5556280185801 964.1056652220501 520.5657993341798 964.1056652220501 520.0713793148014 958.7273915781667 520.0713793148014 959.0649009672655 525.4715295403823 943.707758110123 527.6143866832394 939.4220438244089 526.9001009689538 937.5458730389673 524.4878813876718 937.1371549575176 525.3053175505712 934.6371549575176 527.5780448232985 926.0007913211539 529.3962266414803 918.8028131234296 529.9960581579573 918.7955495176568 535.3839643053748 916.8552510101941 535.6824717680614 916.8302106392924 530.2116613773584 909.4098822302449 531.2144084596621 908.5007913211539 533.4871357323894 904.1826095029721 536.2144084596621 900.5462458666084 537.3507720960258 896.6945871630309 537.6382093127107 896.9220438244099 548.3286723975247 857.2791866815537 567.9715295403813 860.8506152529822 570.8286723975241 863.3506152529822 576.5429581118096 863.2175099167514 577.0753794567327 919.3222539862179 575.5255246481839 919.2338891067789 574.6671229622042 921.8145342680691 568.2155100589783 926.3306633003272 563.0542197363977 930.8467923325853 562.4090584460752 978.5887278164563 562.4090584460752 988.266147171295 563.0542197363977 999.5564697519402 569.8284132847848 1002.1937341880105 575.6581557224138
7 224 964.1919489873177 475.1622611793064 964.1867194179599 475.0292476085607 953.9239935692178 475.24760347768284 934.126328156889 475.436152672086 934.4120424426033 472.72186695780033 962.9834710140316 472.0075812435146 968.5393935901611 473.39656188754697 968.5331507356775 473.39665506447955 968.5926501058808 475.95512798322005
5 230 425.941295073942 353.76035226997 409.20963599676986 357.5384688357831 409.42770057576786 347.37931354834495 433.6139469799881 346.7998410459234 433.8016138983456 352.8746825432766
5 231 408.8822643117775 372.7900048707919 409.118635586957 361.77798035460484 432.6079617406087 356.723315232933 433.9176178114868 356.6297683707274 434.424557898206 373.0395901039698
5 242 847.1963593494036 526.0771760944535 846.6754270333943 516.0554305864655 843.892539282072 516.0225051054996 844.0379977294955 526.131324301823
5 243 852.6334627161384 525.9839602325537 852.4902390449499 516.2374431003445 852.4839684902564 516.1241538114991 850.9487024045017 516.10598945174 851.3879602531144 526.0053136219889
9 355 1920 805.963050484759 1920 0 0 0 0 555.880005020781 10.685425715426533 555.880005020781 10.685425715426533 583.6577827985587 0 584.7688939096699 0 640.0343928291456 140.2563693150865 628.5113082281457 144.77126410218165 618.5310144882511 158.10459743551502 601.3087922660288 156.43793076884833 594.6421255993621 158.66015299107056 590.1976811549177 164.21570854662616 586.3087922660288 171.99348632440393 582.9754589326955 185.3268196577373 578.531014488251 207.5490418799596 569.6421255993621 266.9934863244042 566.8643478215843 359.2157085466266 567.4199033771399 359.39782744837163 567.4217855118937 357.89350729968123 443.6914532821074 362.5088919150659 443.30683789749196 365.19375346036077 567.4816843673832 389.4455289284005 567.7323179315658 388.1088428146138 564.8807208888209 388.1088428146138 561.7325727406727 388.47921318498413 558.5844245925246 389.0347687405397 555.991831999932 396.6273613331323 555.4362764443764 401.25699096276196 555.0659060740061 404.03476874053973 551.5473875554875 407.55328725905827 549.6955357036356 407.9236576294286 549.6955357036356 421.03805101537165 548.5395928700376 426.07180577757674 548.2140542221541 435.33106503683604 549.5103505184504 437.7384724442434 551.1770171851172 439.4051391109101 553.2140542221541 442.1829168886879 560.8066468147467 443.294027999799 564.3251653332653 442.9236576294286 567.2881282962283 442.5718822898581 568.484164450768 450.62794684596224 568.6230621155285 462.2408500717687 571.2037072768188 470.86633454068095 575.9956430928812 504.28817190401753 575.857536326917 504.97782707643137 582.2368466717445 521.874378800569 582.0644328786411 521.7019650074657 575.6851225338136 531.4800383964681 576.0137972695784 533.5817178342827 572.7299231479932 533.2524855111913 517.8453106395773 531.8487411074468 439.23562402989074 530.4163517362135 408.76538558095217 535.9901222280168 408.76538558095217 535.4983189493282 428.1096478760339 534.6786468181807 435.6506314825911 535.5381997969055 490.1310249252917 540.1390948834629 572.8938575742227 542.4166751257866 576.3772155918942 549.2324874930819 576.4613614235892 553.8550259301053 568.0967680613563 560.2186622937417 562.0361620007503 568.4004804755598 559.9149498795382 590.5216925967719 557.4907074552957 616.8853289604083 555.9755559401442 617.7944198694993 552.9452529098412 620.521692596772 549.9149498795382 622.6429047179842 551.73313169772 624.872921477478 555.6036435783124 649.6644946091606 556.4585254104393 649.3262565790678 555.7621529955425 651.48841874123 546.8432340766235 653.3803106331219 545.4918827252721 656.0830133358246 544.4108016441911 666.0830133358246 543.32972056311 675.8127430655543 543.5999908333803 678.7857160385273 547.1135043468938 679.8667971196083 551.7080989414884 679.8667971196083 557.4999841176962 680.6421522467089 557.5267205013893 690.5216925967723 558.702828667417 707.4913895664693 561.4301013946896 722.0368441119238 565.0664650310532 735.6413582713159 579.4748344394228 735.0716093659345 539.2018988131776 730.2204462851926 539.2094280614435 730.8871129518593 532.5427613947768 726.5537796185259 532.2094280614435 727.2204462851926 514.5427613947768 749.8871129518593 514.5427613947768 749.5537796185259 537.2094280614435 739.2576558775623 538.504224394573 739.208274467102 575.9672399042328 739.9066669570163 574.5704549244041 752.0278790782285 573.3583337122828 757.1803676240281 573.4414383662473 757.5177428555776 569.983342242865 758.5111212488076 564.4488054805834 750.851076188911 562.2750089095316 748.7677428555776 558.5250089095316 750.6427428555776 551.0250089095316 750.851076188911 544.1500089095316 758.976076188911 536.858342242865 768.1427428555776 533.733342242865 778.1427428555776 531.858342242865 787.9344095222443 530.608342242865 798.5594095222443 531.233342242865 813.1427428555776 532.6916755761983 822.5294488517831 535.1322191352117 822.4342797081133 529.7716355047704 833.7108754527942 529.5588695473236 834.248948699553 537.629968248706 837.3094095222443 537.9000089095316 845.226076188911 538.9416755761983 847.9500130462325 540.5760376905913 847.1963593494036 526.0771760944535 844.0379977294955 526.131324301823 843.892539282072 516.0225051054996 846.6754270333943 516.0554305864655 842.6011202312136 437.67352829689344 847.4398299086329 437.0283670065709 850.9487024045017 516.10598945174 852.4839684902564 516.1241538114991 852.4902390449499 516.2374431003445 852.6334627161384 525.9839602325537 851.3879602531144 526.0053136219889 853.2465023693074 567.8903042951436 857.2791866815537 567.9715295403813 896.9220438244099 548.3286723975247 896.6945871630309 537.6382093127107 885.3189731393356 538.4871357323894 878.2735185938811 538.7144084596621 875.5462458666084 536.8962266414803 874.4098822302448 530.0780448232985 873.9553367756994 525.0780448232985 875.091700412063 523.2598630051167 880.3189731393356 519.6234993687531 888.7280640484266 515.9871357323893 892.8189731393356 513.2598630051167 894.1826095029721 508.03259027784395 898.5007913211539 504.1689539142076 901.6826095029721 502.8053175505712 907.8189731393358 500.07804482329846 914.1826095029721 499.85077209602576 916.2280640484266 500.3053175505712 916.6954660641277 500.7727195662722 916.4694325578486 451.3890079729284 918.9084569480924 451.6329104119528 918.84008357201 502.3500535004466 919.8644276847903 502.8053175505712 925.5462458666085 502.8053175505712 930.091700412063 502.57804482329846 936.4553367756994 502.57804482329846 938.0462458666085 504.623499368753 937.591700412063 515.532590277844 938.7280640484266 522.1234993687531 937.5458730389673 524.4878813876718 939.4220438244089 526.9001009689538 943.707758110123 527.6143866832394 959.0649009672655 525.4715295403823 958.7273915781667 520.0713793148014 958.666913767618 520.0713793148014 957.8194561404994 497.867989484293 960.8703035981264 495.83409117920826 964.1056652220501 494.9713280794952 964.1056652220501 520.5657993341798 964.1972070624468 520.5556280185801 964.4508357449051 522.3310287957885 968.6816049756742 522.1387211034807 968.5504151279056 518.596595213728 967.9240988152969 518.8118914461872 967.7151779562578 494.36815093860463 971.3787781743977 494.1391759249709 978.7487372626501 494.1148584832077 981.9630229769358 495.90057276892196 986.9630229769359 495.90057276892196 988.1584391913468 498.20697253514044 987.988947665923 506.8510403317506 987.4804730896519 511.76629456903873 986.6330154625332 513.2917182978523 986.1833310528227 513.2973393529737 989.4508357449047 522.3310287957885 992.3354511295202 527.7156441804037 996.758528052597 532.3310287957884 1000.6046818987508 550.9848749496342 1005.412374206443 569.4464134111724 1007.5666491380314 575.7297152949719 1009.0112734661577 575.7489556329243 1005.8848575886311 505.5999993809295 1004.9044654317684 492.2666660475961 982.7476026866703 482.0705876162236 982.6023495168874 481.9517441136739 968.7459166931243 482.5455912346923 968.5926501058808 475.95512798322005 964.1919489873177 475.1622611793064 964.4905975441881 482.7583571921391 934.7033635016348 483.82218697937316 934.8117194179599 475.6542476085607 953.9239935692178 475.24760347768284 934.126328156889 475.436152672086 934.4120424426033 472.72186695780033 962.9834710140316 472.0075812435146 968.5393935901611 473.39656188754697 982.7884698846136 473.1838891070327 983.421917882019 479.676731080438 984.1201517062782 479.5215680083804 1001.9632889611802 488.3450974201452 1004.9044654317684 488.73725428289026 1007.894852863337 488.07750612830944 1012.3526747907384 575.93754143904 1035.910569893137 578.0409249303257 1039.5469335295008 578.9500158394167 1042.1542172840955 581.9584201716413 1043.4715420717566 574.5611348255436 1040.2969388971535 574.5611348255436 1037.7572563574709 572.6563729207817 1038.0747166749313 570.5928808572896 1039.5032881035027 569.1643094287182 1041.0905896908043 569.1643094287182 1044.7413833415978 570.1166903810991 1048.0747166749313 562.6563729207817 1051.0905896908043 559.4817697461785 1054.1064627066773 558.0531983176071 1062.9953515955663 557.894468158877 1080.6143992146137 557.894468158877 1087.7572563574709 557.7357380001467 1095.6937642939788 558.2119284763372 1099.9794785796933 559.957960222369 1101.5667801669947 564.8785951430038 1101.5667801669947 565.0373253017341 1101.1948409745332 566.5427934616974 1110.255063043155 566.5427934616974 1133.6593183623038 565.904495589357 1138.7657013410271 566.7555594191442 1143.446552404857 569.7342828233996 1144.1421215768862 570.8162793132229 1164.5103821920907 571.223644525527 1184.084850277197 572.0747083553142 1184.5103821920907 572.0747083553142 1185.5677920360267 572.7746838858071 1193.285956955481 566.6813957915012 1205.585867853515 562.7287401160297 1217.5440425973977 562.5394471586948 1215.0440425973977 522.0394471586949 1214.5570964695512 508.891901706841 1208.5617194179597 509.0917476085607 1207.9367194179597 482.8417476085607 1213.6192819555945 482.74703823293345 1212.0440425973977 432.789447158695 1208.0440425973977 431.539447158695 1208.0402225634418 431.4095660041957 1201.7940425973977 431.2894471586949 1201.2979111207405 428.0645925604235 1202.7695422750244 456.39349228038395 1192.7695422750244 456.1807263229372 1192.061020813183 434.78337817533514 1187.534608238329 434.87213136307736 1187.534608238329 450.12284013828173 1177.222108238329 450.74784013828173 1176.597108238329 423.87284013828173 1187.534608238329 423.87284013828173 1187.534608238329 429.8048813202306 1191.890032929871 429.61954409931394 1191.7057124877902 424.0530667484691 1201.0674146154497 423.6275348335755 1201.2966048661053 428.0394471586949 1207.9411014209272 428.0394471586949 1207.7940425973977 423.039447158695 1209.2940425973977 420.289447158695 1211.2940425973977 419.039447158695 1211.2940425973977 413.289447158695 1213.0440425973977 412.539447158695 1214.5440425973977 416.5394471586949 1216.7940425973977 420.0394471586949 1220.0440425973977 422.7894471586949 1219.6055956277007 429.8045986738464 1221.0440425973977 430.0394471586949 1223.5440425973977 431.0394471586949 1237.5440425973977 441.5394471586949 1247.0365516150837 449.30604544589266 1251.0030864203 448.89922136330637 1250.5440425973975 440.7894471586949 1254.0440425973975 440.2894471586949 1256.7940425973975 445.7894471586949 1256.7940425973975 448.3052771400143 1260.2978305290708 447.9459142752273 1260.020052751293 448.2236920530051 1262.2422749735151 479.8903587196718 1258.6161238479174 479.9330193211494 1260.0093357775909 561.3997457272607 1260.4125098516647 561.3853466531866 1266.3415125110364 560.5702846803902 1305.785956955481 562.5147291248345 1310.2260391826276 563.7480852990419 1314.9240110120309 555.2917360061158 1317.5046561733213 554.3239940706319 1324.2788497217084 554.6465747157932 1325.2465916571923 554.6465747157932 1340.4078819797728 554.9691553609546 1341.0530432700955 558.84012310289 1337.5046561733213 563.6788327803093 1336.5369142378374 567.5498005222448 1338.472398108805 577.5498005222448 1337.5046561733213 583.6788327803094 1329.7627206894504 584.0014134254707 1328.3869838520882 584.0014134254707 1335.6966712411954 589.9910454670928 1352.8395283840525 613.9196168956643 1356.768099812624 616.0624740385215 1362.125242669767 617.13390260995 1364.625242669767 618.9196168956643 1365.3395283840528 624.9910454670928 1367.4823855269096 628.2053311813786 1366.4109569554812 631.7767597528072 1366.0538140983383 651.4196168956644 1366.4460877809126 652.1580144158041 1370.1059930404272 647.5831328414108 1380.1059930404272 638.5831328414108 1403.6059930404272 622.5831328414108 1421.6059930404272 613.5831328414108 1463.1059930404274 607.5831328414107 1518.1059930404274 602.5831328414107 1547.6059930404276 602.0831328414107 1593.1059930404276 604.5831328414107 1595.1059930404276 604.5831328414107 1634.6059930404276 610.0831328414107 1647.7819204424313 615.4522845625922 1646.9732539621398 567.4827313304843 1644.306587295473 558.4827313304843 1645.0755077249594 550.8337274735128 1646.9732539621398 543.4827313304844 1636.2293538788053 390.0644967042824 1619.052626149331 259.6397274362398 1613.3383404350454 215.06829886481134 1609.4652331940792 203.6850943106312 1603.1015968304428 190.95782158335845 1599.052626149331 177.92544172195426 1591.0526261493312 161.9254417219543 1589.4734836758303 152.95464314057 1591.3383404350454 147.92544172195431 1595.6240547207597 143.92544172195431 1599.052626149331 139.35401315052576 1599.6240547207597 134.21115600766862 1600.3743241031702 126.86691249244943 1602.6470513758975 127.32145794699488 1607.052626149331 133.06829886481148 1617.3383404350454 156.78258457909715 1624.0234721736442 194.47868270808783 1622.87432410317 199.1396397651767 1621.5106877395335 204.59418521972214 1621.880615030787 206.621539850945 1623.725575884781 206.4129394586585 1621.960182689029 209.4932433687803 1628.9107610699662 244.56108760680658 1651.4564217191737 406.23951374461456 1662.1524616615493 542.475756673874 1663.9706434797313 547.475756673874 1666.1932638244366 549.3974084814563 1664.4251889342768 559.2939384920558 1663.5616848770683 567.2921453235615 1665.3342798433675 615.657574855692 1665.5321929239853 622.9282397664168 1684.8738239939885 634.6961489140092 1700.0462377870917 647.1099420174575 1717.2876170974369 661.937528224354 1733.4945136491615 677.7995971898711 1747.2876170974373 686.0754592588365 1755.9083067526099 692.9720109829744 1760.7358929595064 697.1099420174572 1761.0807205457131 700.5582178795262 1761.0807205457131 714.3513213278021 1761.770375718127 719.1789075346986 1760.7938305519187 748.3752612529076 1762.0841531325639 760.6333257690367 1762.368328023987 771.7866431311205
-1 355 58.277498355293346 575.5148039239623 57.7369578147528 581.7310201401785 56.11533619313116 585.5148039239623 55.57479565259064 585.7850741942326 41.520741598536574 585.5148039239623 40.61605183058768 574.5077450805842 41.032560152491556 589.2929954177373 37.09153564229075 589.4349486013411 37.19641727421225 584.7039931131515 17.196417274212223 583.8931823023406 15.574795652590609 556.5958850050433 17.73695781475277 556.3256147347731 25.03425511205006 557.136425545584 28.547768625563577 558.217506626665 28.547768625563577 558.4877768969352 33.14236322015819 563.0823714915299 36.356006943133686 564.5655916713647 36.52010707086214 564.2920914584839 37.09153564229075 496.5778057441982 40.520107070862196 496.0063771727696 39.94867849943358 565.7206628870554 39.953570497447046 565.7850741942326 46.655876733671704 565.7850741942326 51.250471328266315 568.217506626665 55.57479565259064 569.8391282482867
-1 355 161.80330043128154 581.2596468422031 158.16693679491792 581.7141922967486 155.43966406764523 425.80510138765754 160.31430717151852 426.4410529334764
-1 355 258.7746385364932 509.80912697252546 247.7401557778726 509.46429938631854 247.39532819166567 480.1539545587324 257.05050060545875 480.1539545587324
-1 355 453.7347588832568 480.63010626319425 446.7903144388124 480.907884040972 446.7903144388124 459.2412173743054 452.62364777214566 459.2412173743054
-1 355 450.63210195224883 568.235550682668 448.13210195224883 482.923050682668 451.88210195224883 483.235550682668 454.38210195224883 568.235550682668
-1 355 461.59710823832893 339.8103401382816 461.28460823832893 384.1853401382816 443.78460823832893 386.0603401382816 443.78460823832893 355.92498334023867 433.9176178114868 356.6297683707274 434.424557898206 373.0395901039698 408.8822643117775 372.7900048707919 409.118635586957 361.77798035460484 403.3487024813494 363.0196115292293 363.34870248134945 375.61220412182183 322.23759137023836 398.20479671441444 273.7190728517199 424.5010930107107 272.9783321109792 431.9085004181181 271.12648025912733 565.6122041218216 265.9487024813496 565.7043941379247 267.4227765554236 431.5381300477477 266.3116654443125 404.5010930107107 271.86722099986804 404.5010930107107 272.9783321109792 419.3159078255255 340.7561098887569 382.2788707884885 380.0153691480161 364.13072264034037 409.20963599676986 357.5384688357831 409.42770057576786 347.37931354834495 433.6139469799881 346.7998410459234 433.8016138983456 352.8746825432766 443.78460823832893 351.74983811060247 443.78460823832893 339.4978401382816
-1 355 716.2846082383289 499.81034013828173 698.7846082383289 499.49784013828173 697.8471082383289 463.56034013828173 714.0971082383289 463.56034013828173
-1 355 722.9367194179598 534.0917476085607 696.3742194179598 534.7167476085607 696.0617194179598 508.1542476085607 721.3742194179598 507.2167476085607
-1 355 1077.222108238329 524.4978401382816 1076.284608238329 508.2478401382817 1084.097108238329 507.9353401382817 1084.097108238329 524.4978401382816
-1 355 1136.2846082383287 514.1853401382817 1135.3471082383287 492.62284013828173 1143.4721082383287 492.31034013828173 1143.7846082383287 514.1853401382817
-1 355 1188.2071310092028 506.14870137619266 1177.278660407411 506.42191314123744 1176.7785595806313 568.434415661907 1172.7785595806313 568.1487013761928 1173.34998815206 510.14870137619266 1171.34998815206 476.14870137619266 1171.34998815206 475.0058442333355 1174.9123885769138 473.90972102568816 1174.7785595806313 471.57727280476405 1187.0642738663457 471.8629870904783
-1 355 1286.8801152044502 364.91126618542285 1284.3801152044502 367.05412332827996 1288.6658294901645 369.91126618542285 1287.237258061593 381.6969804711371 1286.5229723473074 404.19698047113707 1280.8086866330216 410.98269475685134 1286.8801152044502 530.6255518997084 1281.8650358393706 529.7642576384143 1276.3650358393706 410.2642576384144 1269.3650358393706 405.2642576384144 1269.7372580615931 386.69698047113707 1265.094400918736 382.7684090425657 1262.9515437758787 375.9826947568514 1265.094400918736 373.4826947568514 1265.8086866330216 357.76840904256574 1267.9515437758787 351.6969804711371 1270.4515437758787 343.12555189970857 1277.594400918736 343.12555189970857 1279.0229723473074 352.05412332828 1281.1658294901645 355.62555189970857 1283.3086866330216 358.12555189970857 1289.737258061593 358.12555189970857 1290.4515437758787 360.9826947568514
-1 355 1347.8650358393706 594.2642576384142 1337.8650358393706 332.7642576384145 1343.8650358393706 333.7642576384145 1354.3650358393706 597.7642576384142