5 1 696.0617194179598 508.1542476085607 721.3742194179598 507.2167476085607 722.9367194179598 534.0917476085607 696.3742194179598 534.7167476085607
5 2 934.8117194179599 475.6542476085607 964.1867194179599 475.0292476085607 964.4905975441881 482.7583571921391 934.7033635016348 483.82218697937316 934.8090569516102 475.854946051797
5 3 1207.9367194179597 482.8417476085607 1213.6192819555945 482.74703823293345 1218.219437385203 482.67036897577333 1226.6867194179597 482.5292476085607 1227.3117194179597 508.4667476085607 1219.8554296616871 508.71529060043645 1214.5570964695512 508.891901706841 1208.5617194179597 509.0917476085607
5 4 1216.6867194179597 448.2236920530051 1217.7002431756798 448.17215694668033 1233.0756083068486 447.3903587196718 1234.1867194179597 460.1681364974495 1217.6147789041004 461.50458331308334 1216.9644971957375 461.5570253863384
5 5 1238.6311638624043 450.1681364974495 1242.436913375673 449.77780321403736 1247.0365516150837 449.30604544589266 1251.0030864203 448.89922136330637 1256.7940425973975 448.3052771400143 1260.2978305290708 447.9459142752273 1260.020052751293 448.2236920530051 1262.2422749735151 479.8903587196718 1258.6161238479174 479.9330193211494 1252.8474000732722 480.0008866596746 1238.6311638624043 480.16813649744955
4 6 1176.597108238329 423.87284013828173 1187.534608238329 423.87284013828173 1187.534608238329 429.8048813202306 1187.534608238329 434.87213136307736 1187.534608238329 450.12284013828173 1177.222108238329 450.74784013828173
4 7 1238.784608238329 486.06034013828173 1250.034608238329 486.37284013828173 1249.097108238329 511.37284013828173 1238.784608238329 512.3103401382817
4 8 1135.3471082383287 492.62284013828173 1143.4721082383287 492.31034013828173 1143.7846082383287 514.1853401382817 1136.2846082383287 514.1853401382817
4 9 1076.284608238329 508.2478401382817 1084.097108238329 507.9353401382817 1084.097108238329 524.4978401382816 1077.222108238329 524.4978401382816
4 10 697.8471082383289 463.56034013828173 714.0971082383289 463.56034013828173 716.2846082383289 499.81034013828173 698.7846082383289 499.49784013828173
4 11 443.78460823832893 339.4978401382816 461.59710823832893 339.8103401382816 461.28460823832893 384.1853401382816 443.78460823832893 386.0603401382816 443.78460823832893 355.92498334023867 443.78460823832893 351.74983811060247
4 12 446.7903144388124 459.2412173743054 452.62364777214566 459.2412173743054 453.7347588832568 480.63010626319425 446.7903144388124 480.907884040972
4 13 247.39532819166567 480.1539545587324 257.05050060545875 480.1539545587324 258.7746385364932 509.80912697252546 247.7401557778726 509.46429938631854
7 14 158.16693679491792 581.7141922967486 155.43966406764523 425.80510138765754 160.31430717151852 426.4410529334764 161.80330043128154 581.2596468422031
7 15 443.78460823832893 355.92498334023867 443.78460823832893 351.74983811060247 433.8016138983456 352.8746825432766 425.941295073942 353.76035226997 409.42770057576786 357.48922844697705 380.0153691480161 364.13072264034037 340.7561098887569 382.2788707884885 272.9783321109792 419.3159078255255 271.86722099986804 404.5010930107107 266.3116654443125 404.5010930107107 267.4227765554236 431.5381300477477 265.9487024813496 565.7043941379247 271.12648025912733 565.6122041218216 272.9783321109792 431.9085004181181 273.7190728517199 424.5010930107107 322.23759137023836 398.20479671441444 363.34870248134945 375.61220412182183 403.3487024813494 363.0196115292293 409.42770057576786 361.7114726987848 432.6079617406087 356.723315232933 433.9176178114868 356.6297683707274
7 16 448.13210195224883 482.923050682668 450.63210195224883 568.235550682668 454.38210195224883 568.235550682668 451.88210195224883 483.235550682668
7 19 539.4411660754599 565.0730534709329 535.5381997969055 490.1310249252917 534.4406573904736 438.8209174246065 531.8487411074468 439.23562402989074 533.2524855111913 517.8453106395773 534.3953426540484 564.7024534967202 533.6346453083787 569.3251391274482 533.1466498509924 572.7462866277647 533.0104822189205 573.7009052559416 530.9587670146105 576.8282838037309 530.794832588381 583.3856608529111 545.0315515946919 584.2973252370354 547.2894718868207 579.9869627548409 540.3929315982724 573.2419574139313
7 20 1260.0125098516646 561.5853466531867 1260.0093357775909 561.3997457272607 1258.6161238479174 479.9330193211494 1252.8474000732722 480.0008866596746 1254.8125098516646 561.5853466531867
7 21 1347.8650358393706 594.2642576384142 1337.8650358393706 332.7642576384145 1343.8650358393706 333.7642576384145 1354.3650358393706 597.7642576384142
7 22 1281.8650358393706 529.7642576384143 1276.3650358393706 410.2642576384144 1269.3650358393706 405.2642576384144 1269.7372580615931 386.69698047113707 1265.094400918736 382.7684090425657 1262.9515437758787 375.9826947568514 1262.9515437758787 375.9826947568514 1265.094400918736 373.4826947568514 1265.094400918736 373.4826947568514 1265.8086866330216 357.76840904256574 1267.9515437758787 351.6969804711371 1270.4515437758787 343.12555189970857 1270.4515437758787 343.12555189970857 1277.594400918736 343.12555189970857 1279.0229723473074 352.05412332828 1281.1658294901645 355.62555189970857 1283.3086866330216 358.12555189970857 1289.737258061593 358.12555189970857 1290.4515437758787 360.9826947568514 1286.8801152044502 364.91126618542285 1284.3801152044502 367.05412332827996 1284.3801152044502 367.05412332827996 1288.6658294901645 369.91126618542285 1287.237258061593 381.6969804711371 1286.5229723473074 404.19698047113707 1280.8086866330216 410.98269475685134 1286.8801152044502 530.6255518997084
7 25 1220.0440425973977 422.7894471586949 1216.7940425973977 420.0394471586949 1214.5440425973977 416.5394471586949 1213.0440425973977 412.539447158695 1211.2940425973977 413.289447158695 1211.2940425973977 419.039447158695 1209.2940425973977 420.289447158695 1207.7940425973977 423.039447158695 1207.9411014209272 428.0394471586949 1208.0402225634418 431.4095660041957 1208.0440425973977 431.539447158695 1212.0440425973977 432.789447158695 1213.6192819555945 482.74703823293345 1218.219437385203 482.67036897577333 1217.5440425973977 472.5394471586949 1217.6147789041004 461.50458331308334 1216.9644971957375 461.5570253863384 1216.6867194179597 448.2236920530051 1217.7002431756798 448.17215694668033 1217.7940425973977 433.5394471586949 1218.2703739583444 432.79092644863573 1219.5440425973977 430.7894471586949 1219.6055956277007 429.8045986738464
7 26 1222.5440425973977 562.0394471586948 1222.4699671783235 560.5702846803902 1219.8554296616871 508.71529060043645 1214.5570964695512 508.891901706841 1215.0440425973977 522.0394471586949 1217.4354107397396 560.7796110646316 1217.5440425973977 562.5394471586948
7 27 1208.0402225634418 431.4095660041957 1207.9411014209272 428.0394471586949 1201.2966048661053 428.0394471586949 1201.2940425973977 428.0394471586949 1201.2979111207405 428.0645925604235 1201.7940425973977 431.2894471586949
7 28 1242.436913375673 449.77780321403736 1221.0440425973977 433.7894471586949 1218.2703739583444 432.79092644863573 1219.5440425973977 430.7894471586949 1219.6055956277007 429.8045986738464 1221.0440425973977 430.0394471586949 1223.5440425973977 431.0394471586949 1237.5440425973977 441.5394471586949 1247.0365516150837 449.30604544589266
7 29 1256.7940425973975 448.3052771400143 1256.7940425973975 445.7894471586949 1254.0440425973975 440.2894471586949 1250.5440425973975 440.7894471586949 1251.0030864203 448.89922136330637
5 30 1202.7695422750244 456.39349228038395 1201.2979111207405 428.0645925604235 1201.2940425973977 428.0394471586949 1201.2966048661053 428.0394471586949 1201.0674146154497 423.6275348335755 1191.7057124877902 424.0530667484691 1191.890032929871 429.61954409931394 1192.061020813183 434.78337817533514 1192.7695422750244 456.1807263229372
7 31 1192.061020813183 434.78337817533514 1191.890032929871 429.61954409931394 1187.534608238329 429.8048813202306 1187.534608238329 434.87213136307736
4 32 1187.0642738663457 471.8629870904783 1188.2071310092028 506.14870137619266 1177.278660407411 506.42191314123744 1176.7785595806313 506.43441566190694 1174.9123885769138 473.90972102568816 1174.7785595806313 471.57727280476405
7 33 1177.278660407411 506.42191314123744 1176.7785595806313 506.43441566190694 1174.9123885769138 473.90972102568816 1171.34998815206 475.0058442333355 1171.34998815206 476.14870137619266 1173.34998815206 510.14870137619266 1172.7785595806313 568.1487013761928 1176.7785595806313 568.434415661907
5 34 727.2204462851926 514.5427613947768 749.8871129518593 514.5427613947768 749.5537796185259 537.2094280614435 739.2576558775623 538.504224394573 735.0716093659345 539.2018988131776 730.2204462851926 539.2094280614435 730.8871129518593 532.5427613947768 726.5537796185259 532.2094280614435
7 35 739.2576558775623 538.504224394573 735.0716093659345 539.2018988131776 735.6413582713159 579.4748344394228 735.996289393697 582.5743474162824 739.1969138268714 584.5859455505339 739.1969138268714 584.5859455505339 739.208274467102 575.9672399042328
5 36 968.5331507356775 473.39665506447955 968.6013446660492 476.3289940704605 968.7459166931243 482.5455912346923 982.6023495168874 481.9517441136739 983.6395337144008 481.9072933623519 983.421917882019 479.676731080438 982.7884698846136 473.1838891070327
7 37 1007.894852863337 488.07750612830944 1004.9044654317684 488.73725428289026 1001.9632889611802 488.3450974201452 984.1201517062782 479.5215680083804 983.421917882019 479.676731080438 983.6395337144008 481.9072933623519 1004.9044654317684 492.2666660475961 1007.8964325035138 555.9465079871605 1009.2129218652155 556.0342739446073 1011.6464325035138 556.1965079871605 1011.6358085542187 556.0036044928478
1 38 594.8217691526879 768.6612643553437 594.4650061546226 728.7038085720312 594.3672236981424 717.7521734462528 593.003587334506 691.3885370826164 590.2763146072333 676.3885370826163 586.6399509708697 670.4794461735254 579.3672236981424 660.4794461735254 558.3698823298333 654.4295137284319 561.2731081362849 650.235965341335 562.2408500717688 643.7843524381093 561.2731081362849 635.3972556639158 558.6924629749947 632.1714492123028 551.2731081362849 629.5908040510125 539.0150436201559 629.5908040510125 535.4666565233817 631.8488685671415 535.789237168543 635.0746750187544 529.2227848833585 627.0636032308294 519.6602049104785 615.3972556639156 503.53117265241394 600.235965341335 483.5311726524139 584.7520943735931 473.85375329757517 577.6553201800447 470.86633454068095 575.9956430928812 462.2408500717687 571.2037072768188 450.62794684596224 568.6230621155285 442.5718822898581 568.484164450768 413.2085920072525 567.9779008252059 389.4455289284005 567.7323179315658 365.19375346036077 567.4816843673832 359.39782744837163 567.4217855118937 359.2157085466266 567.4199033771399 266.9934863244042 566.8643478215843 207.5490418799596 569.6421255993621 185.3268196577373 578.531014488251 171.99348632440393 582.9754589326955 164.21570854662616 586.3087922660288 158.66015299107056 590.1976811549177 156.43793076884833 594.6421255993621 158.10459743551502 601.3087922660288 144.77126410218165 618.5310144882511 140.18029000807698 628.6794835383772 134.21570854662605 641.8643478215845 130.88237521329273 646.8643478215845 125.88237521329273 650.1976811549179 116.43793076884839 662.9754589326957 114.21570854662616 674.0865700438069 113.10459743551502 688.5310144882513 110.73086006177775 712.297627991707 108.45813278905044 724.5703552644343 109.82176915268681 748.206718900798 114.36722369814134 780.933991628071 115.73086006177772 798.2067189007984 123.45813278905047 816.843082537162 131.57503057373333 842.353332717594 133.00358733450503 846.8430825371621 137.23365200588955 851.8866211838128 144.8217691526869 860.9339916280712 173.00358733450514 875.9339916280712 391.6399509708693 915.0249007189805 409.367223698142 914.570355264435 422.54904187996016 912.7521734462532 585.2763146072333 805.9339916280711 590.7308600617788 795.9339916280711
1 39 767.1883592634388 694.7634347280231 725.6732077482873 726.5816165462049 715.6732077482873 729.611919576508 602.9459350210144 730.8240407886292 594.4650061546226 728.7038085720312 594.3672236981424 717.7521734462528 593.003587334506 691.3885370826164 590.2763146072333 676.3885370826163 586.6399509708697 670.4794461735254 579.3672236981424 660.4794461735254 558.3698823298333 654.4295137284319 561.2731081362849 650.235965341335 562.2408500717688 643.7843524381093 561.2731081362849 635.3972556639158 558.6924629749947 632.1714492123028 551.2731081362849 629.5908040510125 539.0150436201559 629.5908040510125 535.4666565233817 631.8488685671415 535.789237168543 635.0746750187544 529.2227848833585 627.0636032308294 531.733813808893 615.0664650310533 535.0671471422264 602.9452529098412 541.1277532028325 591.73313169772 545.0315515946919 584.2973252370354 547.4913895664689 579.6119195765078 553.8550259301053 568.0967680613563 560.2186622937417 562.0361620007503 568.4004804755598 559.9149498795382 590.5216925967719 557.4907074552957 616.8853289604083 555.9755559401442 617.7944198694993 552.9452529098412 620.521692596772 549.9149498795382 622.6429047179842 551.73313169772 624.872921477478 555.6036435783124 649.6644946091606 556.4585254104393 679.8667971196083 557.4999841176962 680.6421522467089 557.5267205013893 690.5216925967723 558.702828667417 707.4913895664693 561.4301013946896 722.0368441119238 565.0664650310532 735.6413582713159 579.4748344394228 735.996289393697 582.5743474162824 739.1969138268714 584.5859455505339 741.4307835058632 586.2785862431745 751.4307835058632 595.0664650310533 763.5519956270753 595.3694953340836 766.5822986573784 596.5816165462048 769.0065410816208 601.1270710916593 768.0974501725299 606.8846468492352 762.6429047179844 609.0058589704472 755.3701774452571 608.702828667417 760.218662293742 614.763434728023 769.0065410816208 625.3694953340837 769.9156319907117 633.8543438189322 769.309571384651 649.3088892734776 769.9384655776914 658.4907444918682 770.8247228998025 671.4301013946897
1 40 823.2400002903498 596.0856064395556 819.9066669570163 609.1159094698587 815.0581821085316 630.6310609850102 799.6036366539861 632.7522731062223 793.5430305933801 635.7825761365253 788.6945457448951 640.6310609850102 787.482424532774 648.5098488637981 790.2096972600467 651.5401518941012 796.3895489446882 653.6793313234001 802.1724663747632 654.2674246213738 803.8210820426382 654.4350804520052 803.8210820426382 654.4350804520052 806.1067963283525 655.0065090234338 805.2496534712096 657.5779375948623 802.9369699873193 657.9037882577375 771.7248487751981 658.8128791668285 769.9384655776914 658.4907444918682 769.309571384651 649.3088892734776 769.9156319907117 633.8543438189322 769.0065410816208 625.3694953340837 760.218662293742 614.763434728023 755.3701774452571 608.702828667417 762.6429047179844 609.0058589704472 768.0974501725299 606.8846468492352 769.0065410816208 601.1270710916593 766.5822986573784 596.5816165462048 763.5519956270753 595.3694953340836 751.4307835058632 595.0664650310533 741.4307835058632 586.2785862431745 739.1969138268714 584.5859455505339 739.208274467102 575.9672399042328 739.9066669570163 574.5704549244041 752.0278790782285 573.3583337122828 769.2839426499876 573.636657318279 781.8152714151959 573.8387755241695 789.6036366539861 573.9643943183435 797.482424532774 573.9643943183435 806.8763639267133 574.5704549244041 810.8157578661073 578.509848863798 820.2096972600467 590.0250003789496 824.1490911994406 593.358333712283 824.1476685219616 593.36260174472
1 41 842.3309093812588 576.0856064395556 838.3915154418648 578.8128791668283 832.3309093812588 584.2674246213738 825.0581821085316 593.0553034092526 824.1476685219616 593.36260174472 824.1490911994406 593.358333712283 820.2096972600467 590.0250003789496 810.8157578661073 578.509848863798 806.8763639267133 574.5704549244041 797.482424532774 573.9643943183435 789.6036366539861 573.9643943183435 781.8152714151959 573.8387755241695 784.4521215024708 564.8734852274343 791.1187881691376 558.2068185607677 796.0469376613702 557.4601292437628 801.1187881691376 556.6916670456162 802.3309093812588 556.6916670456162 833.5430305933801 556.9946973486465 839.3006063509558 558.2068185607677 841.7248487751983 559.418939772889 843.4261518418867 560.9312091655008 844.4521215024711 561.8431821971313 844.4521215024711 561.8431821971313 845.6642427145922 563.9643943183435 845.6642427145922 563.9643943183435 847.1793942297437 566.9946973486465 848.391515441865 569.7219700759192 851.7248487751983 570.9340912880405 852.6339396842892 576.9946973486465 851.4283257623593 576.8883196496527
1 42 1115.7590547416223 833.0048498942512 1107.9812769638445 866.3381832275845 1102.9812769638445 874.671516560918 1092.425721408289 878.5604054498068 1070.2034991860667 885.2270721164734 837.9812769638439 886.8937387831402 783.5368325193994 877.4492943386957 765.203499186066 871.3381832275845 759.0923880749549 863.5604054498068 755.203499186066 827.4492943386956 751.8701658527326 771.89373878314 754.6479436305103 731.8937387831398 759.0923880749549 718.004849894251 766.8701658527327 700.2270721164732 771.3146102971772 691.3381832275843 772.9812769638438 676.89373878314 777.4257214082883 672.4492943386954 785.2034991860661 669.6715165609177 796.4816946747878 665.2539640905046 805.2496534712096 657.5779375948623 806.1067963283525 655.0065090234338 803.8210820426382 654.4350804520052 803.8210820426382 654.4350804520052 803.8210820426382 654.4350804520052 802.1724663747632 654.2674246213738 796.3895489446882 653.6793313234001 790.2096972600467 651.5401518941012 787.482424532774 648.5098488637981 788.6945457448951 640.6310609850102 793.5430305933801 635.7825761365253 799.6036366539861 632.7522731062223 815.0581821085316 630.6310609850102 819.9066669570163 609.1159094698587 823.2400002903498 596.0856064395556 824.1476685219616 593.36260174472 825.0581821085316 593.0553034092526 832.3309093812588 584.2674246213738 838.3915154418648 578.8128791668283 842.3309093812588 576.0856064395556 851.4283257623593 576.8883196496527 852.6339396842892 576.9946973486465 863.6605112729379 576.7517771589953 919.3222539862179 575.5255246481839 943.0406359403873 574.870320726798 1002.1937341880105 575.6581557224138 1008.3964325035138 575.6965079871607 1008.3964325035138 575.6965079871607 1012.3554458239255 575.9921562436748 1012.3526747907384 575.93754143904 1035.910569893137 578.0409249303257 1039.5469335295008 578.9500158394167 1042.1542172840955 581.9584201716413 1045.4560244385916 585.7681976575984 1053.1832971658644 607.5863794757803 1056.2008361756214 617.187639961371 1058.1832971658644 623.4954703848712 1065.0014789840463 628.4954703848713 1072.728751711319 628.4954703848713 1079.5469335295008 630.7681976575985 1083.6378426204099 635.313652203053 1087.728751711319 643.0409249303258 1090.0014789840463 648.0409249303258 1086.3651153476826 651.6772885666894 1071.819660802228 655.7681976575985 1072.2742062567736 659.8591067485077 1091.8701658527334 672.4492943386953 1098.5368325194 680.7826276720286 1102.9812769638445 688.0048498942508 1108.5368325194 694.115961005362 1109.247539770082 696.7049659899895 1114.1621313574578 714.6081210582868 1116.3146102971778 722.4492943386954 1120.203499186067 771.89373878314
1 43 1002.1937341880105 575.6581557224138 999.5564697519402 569.8284132847848 988.266147171295 563.0542197363977 978.5887278164563 562.4090584460752 975.7741878551072 562.4090584460752 930.8467923325853 562.4090584460752 926.3306633003272 563.0542197363977 921.8145342680691 568.2155100589783 919.2338891067789 574.6671229622042 919.3222539862179 575.5255246481839 943.0406359403873 574.870320726798
1 44 1634.6059930404276 610.0831328414107 1595.1059930404276 604.5831328414107 1593.1059930404276 604.5831328414107 1547.6059930404276 602.0831328414107 1518.1059930404274 602.5831328414107 1463.1059930404274 607.5831328414107 1421.6059930404272 613.5831328414108 1403.6059930404272 622.5831328414108 1380.1059930404272 638.5831328414108 1370.1059930404272 647.5831328414108 1366.4460877809126 652.1580144158041 1360.1059930404272 660.0831328414108 1357.5175344412 656.3832507250526 1355.374677298343 654.9546792964811 1350.1365820602477 655.4308697726716 1343.7080106316762 657.5737269155287 1339.8984868221523 662.0975364393382 1335.6127725364381 669.4784888202906 1326.8032487269143 671.6213459631477 1321.8032487269143 671.6213459631477 1317.9937249173904 673.764203106005 1312.9937249173904 678.5261078679097 1307.5175344412 683.5261078679097 1301.327058250724 692.3356316774335 1296.3270582507237 707.3356316774334 1295.612772536438 723.7642031060049 1295.612772536438 725.0243984721759 1295.612772536438 746.859441201243 1296.803248726914 752.5737269155287 1298.9461058697714 763.7642031060047 1303.469915393581 778.2880126298144 1322.5175344412 794.4784888202905 1463.8405993736997 868.3660395451329 1521.3694643658728 889.1752512604123 1578.5916865880952 891.3974734826346 1642.480575476984 884.730806815968 1703.03613103254 872.5085845937457 1732.4805754769845 860.8419179270791 1744.7027976992067 847.5085845937456 1754.147242143651 828.0641401493011 1755.7688810766008 817.7877764302624 1757.27836224317 808.2221590912112 1762.4600308905408 775.3858040864228 1762.3406738906874 770.7012716420417 1762.0841531325639 760.6333257690367 1760.7938305519187 748.3752612529076 1761.770375718127 719.1789075346986 1761.0807205457131 714.3513213278021 1761.0807205457131 700.5582178795262 1761.0807205457131 700.5582178795262 1760.7358929595064 697.1099420174572 1755.9083067526099 692.9720109829744 1747.2876170974373 686.0754592588365 1733.4945136491615 677.7995971898711 1717.2876170974369 661.937528224354 1700.0462377870917 647.1099420174575 1684.8738239939885 634.6961489140092 1666.9412390999669 623.229913245809 1660.3910653732987 619.8685627071126 1650.2650669888549 615.7124507218746 1645.2186515801952 614.3513213278022
1 46 1367.4823855269096 628.2053311813786 1365.3395283840528 624.9910454670928 1364.625242669767 618.9196168956643 1362.125242669767 617.13390260995 1356.768099812624 616.0624740385215 1352.8395283840525 613.9196168956643 1335.6966712411954 589.9910454670928 1331.0719755465082 586.201522873154 1316.0637347332588 573.9036180137234 1310.8440364072615 564.0136632907813 1310.785956955481 563.9036180137234 1305.785956955481 562.5147291248345 1266.3415125110364 560.5702846803902 1260.4125098516647 561.3853466531866 1260.0093357775909 561.3997457272607 1254.8125098516646 561.5853466531867 1222.5440425973977 562.0394471586948 1217.5440425973977 562.5394471586948 1205.585867853515 562.7287401160297 1193.285956955481 566.6813957915012 1185.5677920360267 572.7746838858071 1177.4526236221475 579.1813957915012 1168.285956955481 598.9036180137234 1163.0081791777034 599.1813957915015 1156.6192902888145 599.4591735692793 1153.5637347332588 601.1258402359459 1151.6192902888145 605.5702846803904 1152.1748458443699 609.7369513470571 1153.2859569554812 613.3480624581682 1145.5081791777034 619.1813957915016 1138.0081791777034 627.5147291248348 1136.3415125110366 644.7369513470571 1136.952513376756 658.5863043033656 1137.1748458443699 663.625840235946 1138.2859569554812 682.2369513470571 1141.3415125110366 688.0702846803905 1190.2304013999255 720.2925069026128 1294.67484584437 725.014729124835 1295.612772536438 725.0243984721759 1295.612772536438 723.7642031060049 1296.3270582507237 707.3356316774334 1301.327058250724 692.3356316774335 1307.5175344412 683.5261078679097 1312.9937249173904 678.5261078679097 1317.9937249173904 673.764203106005 1321.8032487269143 671.6213459631477 1326.8032487269143 671.6213459631477 1335.6127725364381 669.4784888202906 1339.8984868221523 662.0975364393382 1343.7080106316762 657.5737269155287 1350.1365820602477 655.4308697726716 1355.374677298343 654.9546792964811 1357.5175344412 656.3832507250526 1360.1059930404272 660.0831328414108 1366.4460877809126 652.1580144158041 1366.0538140983383 651.4196168956644 1366.4109569554812 631.7767597528072
1 47 1185.5677920360267 572.7746838858071 1184.5103821920907 572.0747083553142 1184.084850277197 572.0747083553142 1164.5103821920907 571.223644525527 1144.1421215768862 570.8162793132229 1143.2337864474098 570.7981126106334 1123.8720843197502 571.0108785680802 1117.2763396388991 573.1385381425483 1113.2337864474098 575.69172963191 1108.55293538358 581.4364104829739 1105.148680064431 587.3938572914844 1102.3827226176224 591.223644525527 1099.4039992133671 591.223644525527 1093.6593183623033 591.0108785680802 1091.3188928303884 591.8619423978674 1090.2550630431545 593.9896019723355 1090.8933609154947 595.9044955893569 1093.4465524048564 597.3938572914844 1090.0422970857076 607.3938572914844 1088.7657013410267 620.7981126106334 1088.102967485266 629.0822858076443 1087.9146375112396 631.4364104829738 1087.9146375112396 639.0959849510589 1088.1274034686865 643.7768360148887 1090.2550630431545 645.69172963191 1111.7444247452822 656.5427934616972 1123.6593183623033 657.819389206378 1136.952513376756 658.5863043033656 1136.3415125110366 644.7369513470571 1138.0081791777034 627.5147291248348 1145.5081791777034 619.1813957915016 1153.2859569554812 613.3480624581682 1152.1748458443699 609.7369513470571 1151.6192902888145 605.5702846803904 1153.5637347332588 601.1258402359459 1156.6192902888145 599.4591735692793 1163.0081791777034 599.1813957915015 1168.285956955481 598.9036180137234 1177.4526236221475 579.1813957915012
1 48 1144.1421215768862 570.8162793132229 1143.446552404857 569.7342828233996 1138.7657013410271 566.7555594191442 1133.6593183623038 565.904495589357 1110.255063043155 566.5427934616974 1101.1948409745332 566.5427934616974 1095.9997438942187 566.5427934616974 1090.042297085708 568.2449211212719 1085.9997438942187 571.0108785680804 1080.4678290006016 579.3087509085059 1079.5298298677499 583.7671398787195 1077.439796040011 583.6087538731628 1077.1223357225508 580.5928808572897 1069.6620182622332 580.4341506985596 1068.392176992392 581.3865316509406 1068.392176992392 583.1325633969723 1071.0905896908048 585.6722459366548 1073.471542071757 585.9897062541152 1076.6461452463602 586.4658967303056 1073.471542071757 591.2278014922103 1072.2017008019159 596.4658967303056 1071.8842404844554 608.6881189525279 1071.785950461566 616.1581606921264 1071.7255103257253 620.75161101602 1072.5191611193761 623.9262141906231 1076.1699547701696 626.3071665715755 1088.102967485266 629.0822858076443 1088.7657013410267 620.7981126106334 1090.0422970857076 607.3938572914844 1093.4465524048564 597.3938572914844 1090.8933609154947 595.9044955893569 1090.2550630431545 593.9896019723355 1091.3188928303884 591.8619423978674 1093.6593183623033 591.0108785680802 1099.4039992133671 591.223644525527 1102.3827226176224 591.223644525527 1105.148680064431 587.3938572914844 1108.55293538358 581.4364104829739 1113.2337864474098 575.69172963191 1117.2763396388991 573.1385381425483 1123.8720843197502 571.0108785680802 1143.2337864474098 570.7981126106334
1 49 1101.1948409745332 566.5427934616974 1095.9997438942187 566.5427934616974 1090.042297085708 568.2449211212719 1085.9997438942187 571.0108785680804 1080.4678290006016 579.3087509085059 1079.5298298677499 583.7671398787195 1077.439796040011 583.6087538731628 1077.1223357225508 580.5928808572897 1069.6620182622332 580.4341506985596 1068.392176992392 581.3865316509406 1068.392176992392 583.1325633969723 1071.0905896908048 585.6722459366548 1073.471542071757 585.9897062541152 1076.6461452463602 586.4658967303056 1073.471542071757 591.2278014922103 1072.2017008019159 596.4658967303056 1071.8842404844554 608.6881189525279 1071.785950461566 616.1581606921264 1068.8683674685822 616.7833570477658 1056.2008361756214 617.187639961371 1053.1832971658644 607.5863794757803 1045.4560244385916 585.7681976575984 1042.1542172840955 581.9584201716413 1043.4715420717566 574.5611348255436 1040.2969388971535 574.5611348255436 1037.7572563574709 572.6563729207817 1038.0747166749313 570.5928808572896 1039.5032881035027 569.1643094287182 1041.0905896908043 569.1643094287182 1044.7413833415978 570.1166903810991 1045.8847125241118 567.5578107821393 1048.0747166749313 562.6563729207817 1051.0905896908043 559.4817697461785 1054.1064627066773 558.0531983176071 1062.9953515955663 557.894468158877 1080.6143992146137 557.894468158877 1087.7572563574709 557.7357380001467 1095.6937642939788 558.2119284763372 1099.9794785796933 559.957960222369 1101.5667801669947 564.8785951430038 1101.5667801669947 565.0373253017341
1 50 443.294027999799 564.3251653332653 442.1829168886879 560.8066468147467 439.4051391109101 553.2140542221541 437.7384724442434 551.1770171851172 435.33106503683604 549.5103505184504 426.07180577757674 548.2140542221541 421.03805101537165 548.5395928700376 407.9236576294286 549.6955357036356 407.55328725905827 549.6955357036356 404.03476874053973 551.5473875554875 401.25699096276196 555.0659060740061 396.6273613331323 555.4362764443764 389.0347687405397 555.991831999932 388.47921318498413 558.5844245925246 388.1088428146138 561.7325727406727 388.1088428146138 564.8807208888209 389.4455289284005 567.7323179315658 413.2085920072525 567.9779008252059 442.5718822898581 568.484164450768 442.9236576294286 567.2881282962283
1 51 796.0469376613702 557.4601292437628 794.4396177039894 555.6742181800063 786.106284370656 555.3038478096358 779.27393791762 555.6167469156386 777.377386193482 557.340884846673 774.7911792969303 559.9270917432248 770.6532482624476 564.4098503639144 769.4463517107234 566.6512296742593 769.1392404261196 570.0294538049021 769.1015241245166 570.4443331225351 769.2839426499876 573.636657318279 781.8152714151959 573.8387755241695 784.4521215024708 564.8734852274343 791.1187881691376 558.2068185607677
1 52 679.8667971196083 557.4999841176962 679.8667971196083 551.7080989414884 678.7857160385273 547.1135043468938 675.8127430655543 543.5999908333803 666.0830133358246 543.32972056311 656.0830133358246 544.4108016441911 653.3803106331219 545.4918827252721 651.48841874123 546.8432340766235 649.3262565790678 555.7621529955425 649.6644946091606 556.4585254104393
7 53 848.391515441865 569.7219700759192 848.4707829171781 550.5946580649733 848.0021922625951 541.5798664244248 847.2020422264401 526.1865038241085 846.6675288068474 515.9034837519432 842.6011202312136 437.67352829689344 847.4398299086329 437.0283670065709 850.5113221018588 515.7353544579839 850.9137702961913 526.0480894377527 851.6514718799252 566.873330779356 851.7047378440462 569.8211295756174 851.7248487751983 570.9340912880405
6 54 0 898.7727735369763 137.23365200588955 851.8866211838128 148.6717794991709 847.9787619929646 144.92177949917084 837.9787619929645 131.57503057373333 842.353332717594 0 885.4787619929646
6 55 540.4412600186542 1074.809028948233 541.5423725606137 1073.4393523716492 689.5321691095639 889.3544834936868 667.7678150425785 878.4065169865103 493.3701736126671 1074.4694029839022 492.25944183683595 1075.718119857324
6 56 1600.4397476090842 1080 1600.361941741161 1079.9409115121123 1347.415034051644 887.844213792628 1108.9775878377259 694.9695607105573 1109.247539770082 696.7049659899895 1114.1621313574578 714.6081210582868 1218.5929724531106 812.2772530182499 1396.285280145419 964.5849453259424 1535.4550156929556 1079.9227517499571 1535.5482255333652 1080
6 57 1919.7457402770765 853.9684569431482 1757.27836224317 808.2221590912112 1750.3319204013007 806.266234145817 1745.9840943143442 814.9618863197301 1755.7688810766008 817.7877764302624 1920 865.2184569431482
7 58 365.19375346036077 567.4816843673832 362.5088919150659 443.30683789749196 357.89350729968123 443.6914532821074 359.39782744837163 567.4217855118937
7 59 916.8552510101941 535.6824717680614 916.8302106392924 530.2116613773584 916.6954660641277 500.7727195662722 916.4694325578486 451.3890079729284 918.9084569480924 451.6329104119528 918.84008357201 502.3500535004466 918.8028131234296 529.9960581579573 918.7955495176568 535.3839643053748
1 62 916.8302106392924 530.2116613773584 916.6954660641277 500.7727195662722 916.2280640484266 500.3053175505712 914.1826095029721 499.85077209602576 907.8189731393358 500.07804482329846 901.6826095029721 502.8053175505712 898.5007913211539 504.1689539142076 894.1826095029721 508.03259027784395 892.8189731393356 513.2598630051167 888.7280640484266 515.9871357323893 880.3189731393356 519.6234993687531 875.091700412063 523.2598630051167 873.9553367756994 525.0780448232985 874.4098822302448 530.0780448232985 875.5462458666084 536.8962266414803 878.2735185938811 538.7144084596621 885.3189731393356 538.4871357323894 900.5462458666084 537.3507720960258 904.1826095029721 536.2144084596621 908.5007913211539 533.4871357323894 909.4098822302449 531.2144084596621
1 63 937.1371549575176 525.3053175505712 934.6371549575176 527.5780448232985 926.0007913211539 529.3962266414803 918.8028131234296 529.9960581579573 918.84008357201 502.3500535004466 919.8644276847903 502.8053175505712 925.5462458666085 502.8053175505712 930.091700412063 502.57804482329846 936.4553367756994 502.57804482329846 938.0462458666085 504.623499368753 937.591700412063 515.532590277844 938.7280640484266 522.1234993687531
1 65 964.1056652220501 520.0713793148014 964.1056652220501 494.9713280794952 960.8703035981264 495.83409117920826 957.8194561404994 497.867989484293 958.666913767618 520.0713793148014 958.7273915781667 520.0713793148014 963.7578650118095 520.0713793148014
1 66 988.1584391913468 498.20697253514044 986.9630229769359 495.90057276892196 981.9630229769358 495.90057276892196 978.7487372626501 494.1148584832077 971.3787781743977 494.1391759249709 967.7151779562578 494.36815093860463 967.9240988152969 518.8118914461872 969.6838629201603 518.2069725351405 971.5482696998214 514.8171420266658 973.0736934286349 513.461209823276 986.6330154625332 513.2917182978523 987.4804730896519 511.76629456903873 987.988947665923 506.8510403317506
5 67 822.4342797081133 529.7716355047704 833.7108754527942 529.5588695473236 834.2790282682467 538.081161779112 834.5619392825814 542.3248269941321 822.6548493983782 542.1956442266331 822.495358252613 533.2120010811569
1 68 848.4707829171781 550.5946580649733 848.0021922625951 541.5798664244248 846.895503216632 540.0305017600766 837.5851583890459 538.9960190014559 834.4817101131839 538.3063638290422 834.2790282682467 538.081161779112 834.5619392825814 542.3248269941321 822.6548493983782 542.1956442266331 822.495358252613 533.2120010811569 815.7457584892874 532.7410987720876 814.8366675801965 532.7410987720876 812.291213034742 532.3774624084513 800.713401016252 532.0379329221779 800.5439094908282 529.4955600408219 799.0184857620147 527.2921702103135 796.1371298298113 526.9531871594661 788.171028134896 527.631153261161 784.1032315247265 528.4786108882796 782.4083162704892 531.359966820483 780.713401016252 532.3769159730253 767.3235705077774 533.5633566509914 761.7303501687943 535.9362380069236 758.8897876678129 542.1795165384018 753.4731210011463 544.6795165384018 748.8897876678129 545.0961832050684 745.5564543344797 547.1795165384018 741.8064543344797 555.5128498717352 742.2231210011462 564.6795165384018 744.3064543344797 567.5961832050685 751.7230894235286 568.996019001456 754.8265376993907 572.0994672773181 767.5851583890458 570.7201569324905 769.1392404261196 570.0294538049021 769.4463517107234 566.6512296742593 770.6532482624476 564.4098503639144 774.7911792969303 559.9270917432248 777.377386193482 557.340884846673 779.27393791762 555.6167469156386 786.106284370656 555.3038478096358 794.4396177039894 555.6742181800063 796.0469376613702 557.4601292437628 801.1187881691376 556.6916670456162 802.3309093812588 556.6916670456162 833.5430305933801 556.9946973486465 839.3006063509558 558.2068185607677 841.7248487751983 559.418939772889 843.4261518418867 560.9312091655008 844.4521215024711 561.8431821971313 845.6642427145922 563.9643943183435 847.1793942297437 566.9946973486465 848.391515441865 569.7219700759192
4 18 528.966771225477 408.70245349672024 536.6810569397627 408.1310249252917 536.966771225477 438.41673921100596 534.4406573904736 438.8209174246065 531.8487411074468 439.23562402989074 529.8239140826198 439.55959635386307
7 122 38.41490433245784 590.2034713932456 43.45915144292959 589.3358189278335 39.31395391466178 495.4894692051606 35.431324225420724 495.76679989724926
1 79 1339.2755133381534 584.0844808624068 1331.0719755465082 586.201522873154 1316.0637347332588 573.9036180137234 1310.8440364072615 564.0136632907813 1311.2755133381534 563.4178141957402 1317.2755133381534 558.7511475290735 1325.2755133381534 557.0844808624068 1335.6088466714868 555.4178141957401 1339.94218000482 556.0844808624068 1339.2755133381534 558.7511475290735 1337.2755133381534 565.4178141957402 1337.6088466714868 571.4178141957402 1340.2755133381534 580.4178141957402
1 82 1044.7413833415978 570.1166903810991 1041.0905896908043 569.1643094287182 1039.5032881035027 569.1643094287182 1038.0747166749313 570.5928808572896 1037.7572563574709 572.6563729207817 1040.2969388971535 574.5611348255436 1043.4715420717566 574.5611348255436 1042.1542172840955 581.9584201716413 1039.5469335295008 578.9500158394167 1035.910569893137 578.0409249303257 1012.3526747907384 575.93754143904 1012.3554458239255 575.9921562436748 1008.3964325035138 575.6965079871607 1002.1937341880105 575.6581557224138 999.5564697519402 569.8284132847848 988.266147171295 563.0542197363977 978.5887278164563 562.4090584460752 975.7741878551072 562.4090584460752 977.6464325035138 558.1965079871605 979.3964325035138 556.9465079871605 996.3964325035138 556.1965079871605 1009.2129218652155 556.0342739446073 1011.6464325035138 556.1965079871605 1011.6358085542187 556.0036044928478 1016.1464325035138 555.9465079871605 1025.1464325035138 559.4465079871605 1027.3964325035138 561.9465079871605 1028.6464325035138 566.1965079871605 1044.6464325035138 566.9465079871605 1045.8847125241118 567.5578107821393
1 94 145.96433120663562 580.3338104494958 145.96433120663562 579.6195247352101 145.2500454923499 577.4766675923529 143.58337882568327 574.8576199733053 140.01195025425466 574.1433342590196 131.67861692092134 571.7623818780672 119.29766453996895 567.0004771161625 113.34528358758799 562.9528580685434 108.58337882568323 559.6195247352101 104.05956930187368 558.9052390209243 95.91714025389426 557.533037777771 95.51714025389425 585.933037777771 145.72623596854038 586.2861914018767
1 95 89.53575977806413 556.2861914018765 80.91714025389426 557.133037777771 78.10718834949269 558.6671437828289 75.01195025425459 560.5719056875909 72.39290263520697 563.6671437828289 72.15480739711172 587.2385723542575 88.58337882568317 587.9528580685433
9 155 1222.5440425973977 562.0394471586948 1219.8554296616871 508.71529060043645 1227.3117194179597 508.4667476085607 1226.6867194179597 482.5292476085607 1218.219437385203 482.67036897577333 1217.5440425973977 472.5394471586949 1217.6147789041004 461.50458331308334 1234.1867194179597 460.1681364974495 1233.0756083068486 447.3903587196718 1217.7002431756798 448.17215694668033 1217.7940425973977 433.5394471586949 1218.2703739583444 432.79092644863573 1221.0440425973977 433.7894471586949 1242.436913375673 449.77780321403736 1238.6311638624043 450.1681364974495 1238.6311638624043 480.16813649744955 1252.8474000732722 480.0008866596746 1254.8125098516646 561.5853466531867
-1 155 1250.034608238329 486.37284013828173 1238.784608238329 486.06034013828173 1238.784608238329 512.3103401382817 1249.097108238329 511.37284013828173
11 156 1535.4550156929556 1079.9227517499571 1396.285280145419 964.5849453259424 1218.5929724531106 812.2772530182499 1114.1621313574578 714.6081210582868 1116.3146102971778 722.4492943386954 1120.203499186067 771.89373878314 1115.7590547416223 833.0048498942512 1107.9812769638445 866.3381832275845 1102.9812769638445 874.671516560918 1092.425721408289 878.5604054498068 1070.2034991860667 885.2270721164734 837.9812769638439 886.8937387831402 783.5368325193994 877.4492943386957 765.203499186066 871.3381832275845 759.0923880749549 863.5604054498068 755.203499186066 827.4492943386956 751.8701658527326 771.89373878314 754.6479436305103 731.8937387831398 759.0923880749549 718.004849894251 766.8701658527327 700.2270721164732 771.3146102971772 691.3381832275843 772.9812769638438 676.89373878314 777.4257214082883 672.4492943386954 785.2034991860661 669.6715165609177 796.4816946747878 665.2539640905046 805.2496534712096 657.5779375948623 802.9369699873193 657.9037882577375 771.7248487751981 658.8128791668285 769.9384655776914 658.4907444918682 770.8247228998025 671.4301013946897 767.1883592634388 694.7634347280231 725.6732077482873 726.5816165462049 715.6732077482873 729.611919576508 602.9459350210144 730.8240407886292 594.4650061546226 728.7038085720312 594.8217691526879 768.6612643553437 590.7308600617788 795.9339916280711 585.2763146072333 805.9339916280711 422.54904187996016 912.7521734462532 409.367223698142 914.570355264435 391.6399509708693 915.0249007189805 173.00358733450514 875.9339916280712 144.8217691526869 860.9339916280712 137.23365200588955 851.8866211838128 0 898.7727735369763 0 1080 359.9498619491008 1079.6125625760126 367.8070048062437 1076.3982768617268 378.16414766338653 1074.6125625760126 390.6641476633866 1072.4697054331555 416.37843337767237 1072.4697054331555 434.949861949101 1073.1839911474412 455.30700480624387 1076.041134004584 492.449861949101 1074.6125625760126 493.3701736126671 1074.4694029839022 667.7678150425785 878.4065169865103 689.5321691095639 889.3544834936868 541.5423725606137 1073.4393523716492 544.5927190919583 1074.6125625760126 571.2089150305227 1080 1272.8416764684332 1080 1282.2861209128778 1077.688296232048 1300.6194542462113 1074.9105184542705 1308.9527875795445 1073.2438517876037 1324.5083431351 1072.1327406764926 1358.9527875795447 1072.1327406764926 1396.175009801767 1071.577185120937 1449.5083431351004 1071.577185120937 1471.1750098017671 1072.1327406764926 1491.7305653573228 1079.9105184542705
11 158 1920 1080 1920 865.2184569431482 1755.7688810766008 817.7877764302624 1754.147242143651 828.0641401493011 1744.7027976992067 847.5085845937456 1732.4805754769845 860.8419179270791 1703.03613103254 872.5085845937457 1642.480575476984 884.730806815968 1578.5916865880952 891.3974734826346 1521.3694643658728 889.1752512604123 1463.8405993736997 868.3660395451329 1322.5175344412 794.4784888202905 1303.469915393581 778.2880126298144 1298.9461058697714 763.7642031060047 1296.803248726914 752.5737269155287 1295.612772536438 746.859441201243 1295.612772536438 725.0243984721759 1294.67484584437 725.014729124835 1190.2304013999255 720.2925069026128 1141.3415125110366 688.0702846803905 1138.2859569554812 682.2369513470571 1137.1748458443699 663.625840235946 1136.952513376756 658.5863043033656 1123.6593183623033 657.819389206378 1111.7444247452822 656.5427934616972 1090.2550630431545 645.69172963191 1088.1274034686865 643.7768360148887 1087.9146375112396 639.0959849510589 1087.9146375112396 631.4364104829738 1088.102967485266 629.0822858076443 1076.1699547701696 626.3071665715755 1072.5191611193761 623.9262141906231 1071.7255103257253 620.75161101602 1071.785950461566 616.1581606921264 1068.8683674685822 616.7833570477658 1056.2008361756214 617.187639961371 1058.1832971658644 623.4954703848712 1065.0014789840463 628.4954703848713 1072.728751711319 628.4954703848713 1079.5469335295008 630.7681976575985 1083.6378426204099 635.313652203053 1087.728751711319 643.0409249303258 1090.0014789840463 648.0409249303258 1086.3651153476826 651.6772885666894 1071.819660802228 655.7681976575985 1072.2742062567736 659.8591067485077 1091.8701658527334 672.4492943386953 1098.5368325194 680.7826276720286 1102.9812769638445 688.0048498942508 1108.5368325194 694.115961005362 1109.247539770082 696.7049659899895 1108.9775878377259 694.9695607105573 1347.415034051644 887.844213792628 1600.361941741161 1079.9409115121123 1811.55700480626 1080
7 194 1666.9412390999669 623.229913245809 1663.0615525706403 564.2939384920558 1666.2908790728704 557.0453326779941 1666.1932638244366 549.3974084814563 1663.9706434797313 547.475756673874 1663.9706434797313 547.475756673874 1662.1524616615493 542.475756673874 1654.423935910195 424.8392266110258 1638.0239359101952 287.6392266110256 1622.87432410317 199.1396397651767 1622.1712746101803 188.9579337984041 1620.062422694074 175.9453310264584 1620.0239359101952 169.23922661102546 1617.623935910195 159.23922661102543 1614.9212746101803 149.7079337984041 1608.3091864593584 135.1929684223735 1600.3743241031702 126.86691249244943 1597.623935910195 131.23922661102537 1596.8239359101951 137.63922661102538 1590.5845947869414 144.80649499242185 1589.4734836758303 152.95464314057 1594.0239359101952 165.63922661102544 1599.052626149331 177.92544172195426 1604.0239359101952 193.2392266110255 1606.8239359101951 199.23922661102552 1609.623935910195 202.4392266110255 1612.0239359101952 212.83922661102554 1624.4239359101953 286.4392266110256 1640.4239359101948 427.63922661102583 1648.0239359101952 543.6392266110258 1646.8239359101954 546.8392266110259 1644.8239359101954 552.4392266110259 1644.8239359101954 562.4392266110259 1647.6239359101953 567.239226611026 1650.2650669888549 615.7124507218746 1660.3910653732987 619.8685627071126
9 286 0 734.9197506658447 110.14465688960527 715.4631251214383 108.45813278905044 724.5703552644343 109.82176915268681 748.206718900798 114.36722369814134 780.933991628071 115.73086006177772 798.2067189007984 123.45813278905047 816.843082537162 124.00991009459631 818.5772397831632 0 855.761904761905
6 287 134.21570854662605 641.8643478215845 131.18830826712158 646.4054482408412 0 660.9592731829574 0 656.9092532794891 134.52604389136144 641.1783433753274
11 288 0 660.9592731829574 131.18830826712158 646.4054482408412 130.88237521329273 646.8643478215845 125.88237521329273 650.1976811549179 116.43793076884839 662.9754589326957 114.21570854662616 674.0865700438069 113.10459743551502 688.5310144882513 110.73086006177775 712.297627991707 110.14465688960527 715.4631251214383 0 734.9197506658447
11 289 131.57503057373333 842.353332717594 0 885.4787619929646 0 855.761904761905 124.00991009459631 818.5772397831632
11 290 1919.7457402770765 853.9684569431482 1757.27836224317 808.2221590912112 1762.4600308905408 775.3858040864228 1762.3406738906874 770.7012716420417 1920 805.963050484759
11 291 134.52604389136144 641.1783433753274 0 656.9092532794891 0 638.2084685269335 140.18029000807698 628.6794835383772
5 292 433.8016138983456 352.8746825432766 433.6139469799881 346.7998410459234 409.42770057576786 347.37931354834495 409.42770057576786 357.48922844697705 425.941295073942 353.76035226997
5 293 434.424557898206 373.0395901039698 433.9176178114868 356.6297683707274 432.6079617406087 356.723315232933 409.42770057576786 361.7114726987848 409.42770057576786 373.6583833157863
5 294 847.2020422264401 526.1865038241085 846.6675288068474 515.9034837519432 843.8782132067676 516.0254897045213 844.0407341300491 526.3043924495737
5 295 852.6334627161384 525.9839602325537 852.4577361415168 515.6502174089483 850.5113221018588 515.7353544579839 850.9137702961913 526.0480894377527
7 296 968.6013446660492 476.3289940704605 968.5331507356775 473.39665506447955 962.9834710140316 472.0075812435146 933.5521732630976 472.8200981816239 934.8090569516102 475.854946051797 934.8117194179599 475.6542476085607 964.1867194179599 475.0292476085607
11 330 545.0315515946919 584.2973252370354 530.794832588381 583.3856608529111 530.9587670146105 576.8282838037309 533.0104822189205 573.7009052559416 533.1466498509924 572.7462866277647 521.8720191452934 573.1193460896365 521.8348561626628 581.1076587475532 504.38031070811746 582.0167496566442 504.5250803697835 574.7519991508609 470.86633454068095 575.9956430928812 473.85375329757517 577.6553201800447 483.5311726524139 584.7520943735931 503.53117265241394 600.235965341335 519.6602049104785 615.3972556639156 529.2227848833585 627.0636032308294 531.733813808893 615.0664650310533 535.0671471422264 602.9452529098412 541.1277532028325 591.73313169772
1 331 863.8474840468136 576.1641484411002 863.8474840468136 575.9855770125288 862.2403411896707 573.3070055839574 860.2760554753851 570.628434155386 858.7012413414604 569.7480190709573 851.7047378440462 569.8211295756174 851.7248487751983 570.9340912880405 852.6339396842892 576.9946973486465 863.6605112729379 576.7517771589953
11 332 1003.518496210939 556.1063552820033 999.7216401530337 541.8354135471177 996.2601016914953 530.6815673932717 987.4139478453416 519.9123366240411 986.6330154625332 513.2917182978523 973.0736934286349 513.461209823276 971.5482696998214 514.8171420266658 969.6838629201603 518.2069725351405 967.9240988152969 518.8118914461872 968.6816049756742 522.1387211034807 964.4508357449051 522.3310287957885 964.1972070624468 520.5556280185801 963.7578650118095 520.0713793148014 958.7273915781667 520.0713793148014 956.4524093838036 523.1815673932718 938.1831786145732 529.1431058548102 937.1371549575176 525.3053175505712 934.6371549575176 527.5780448232985 926.0007913211539 529.3962266414803 918.8028131234296 529.9960581579573 918.7955495176568 535.3839643053748 916.8552510101941 535.6824717680614 916.8302106392924 530.2116613773584 909.4098822302449 531.2144084596621 908.5007913211539 533.4871357323894 904.1826095029721 536.2144084596621 900.5462458666084 537.3507720960258 895.4966203174192 537.7276098235773 895.4082503185327 545.2890852500518 851.6514718799252 566.873330779356 851.7047378440462 569.8211295756174 858.7012413414604 569.7480190709573 860.2760554753851 570.628434155386 862.2403411896707 573.3070055839574 863.8474840468136 575.9855770125288 863.8474840468136 576.1641484411002 863.6605112729379 576.7517771589953 919.3222539862179 575.5255246481839 919.2338891067789 574.6671229622042 921.8145342680691 568.2155100589783 926.3306633003272 563.0542197363977 930.8467923325853 562.4090584460752 975.7741878551072 562.4090584460752 977.6464325035138 558.1965079871605 979.3964325035138 556.9465079871605 996.3964325035138 556.1965079871605
9 333 1920 805.963050484759 1920 0 0 0 0 638.2084685269335 140.18029000807698 628.6794835383772 144.77126410218165 618.5310144882511 158.10459743551502 601.3087922660288 156.43793076884833 594.6421255993621 158.66015299107056 590.1976811549177 164.21570854662616 586.3087922660288 171.99348632440393 582.9754589326955 185.3268196577373 578.531014488251 207.5490418799596 569.6421255993621 266.9934863244042 566.8643478215843 359.2157085466266 567.4199033771399 359.39782744837163 567.4217855118937 357.89350729968123 443.6914532821074 362.5088919150659 443.30683789749196 365.19375346036077 567.4816843673832 389.4455289284005 567.7323179315658 388.1088428146138 564.8807208888209 388.1088428146138 561.7325727406727 388.47921318498413 558.5844245925246 389.0347687405397 555.991831999932 396.6273613331323 555.4362764443764 401.25699096276196 555.0659060740061 404.03476874053973 551.5473875554875 407.55328725905827 549.6955357036356 407.9236576294286 549.6955357036356 421.03805101537165 548.5395928700376 426.07180577757674 548.2140542221541 435.33106503683604 549.5103505184504 437.7384724442434 551.1770171851172 439.4051391109101 553.2140542221541 442.1829168886879 560.8066468147467 443.294027999799 564.3251653332653 442.9236576294286 567.2881282962283 442.5718822898581 568.484164450768 450.62794684596224 568.6230621155285 462.2408500717687 571.2037072768188 470.86633454068095 575.9956430928812 504.5250803697835 574.7519991508609 504.38031070811746 582.0167496566442 521.8348561626628 581.1076587475532 521.8720191452934 573.1193460896365 533.1466498509924 572.7462866277647 533.6346453083787 569.3251391274482 534.3953426540484 564.7024534967202 533.2524855111913 517.8453106395773 531.8487411074468 439.23562402989074 529.8239140826198 439.55959635386307 528.966771225477 408.70245349672024 536.6810569397627 408.1310249252917 536.966771225477 438.41673921100596 534.4406573904736 438.8209174246065 535.5381997969055 490.1310249252917 539.4411660754599 565.0730534709329 540.3929315982724 573.2419574139313 547.2894718868207 579.9869627548409 545.0315515946919 584.2973252370354 547.4913895664689 579.6119195765078 553.8550259301053 568.0967680613563 560.2186622937417 562.0361620007503 568.4004804755598 559.9149498795382 590.5216925967719 557.4907074552957 616.8853289604083 555.9755559401442 617.7944198694993 552.9452529098412 620.521692596772 549.9149498795382 622.6429047179842 551.73313169772 624.872921477478 555.6036435783124 649.6644946091606 556.4585254104393 649.3262565790678 555.7621529955425 651.48841874123 546.8432340766235 653.3803106331219 545.4918827252721 656.0830133358246 544.4108016441911 666.0830133358246 543.32972056311 675.8127430655543 543.5999908333803 678.7857160385273 547.1135043468938 679.8667971196083 551.7080989414884 679.8667971196083 557.4999841176962 680.6421522467089 557.5267205013893 690.5216925967723 558.702828667417 707.4913895664693 561.4301013946896 722.0368441119238 565.0664650310532 735.6413582713159 579.4748344394228 735.0716093659345 539.2018988131776 730.2204462851926 539.2094280614435 730.8871129518593 532.5427613947768 726.5537796185259 532.2094280614435 727.2204462851926 514.5427613947768 749.8871129518593 514.5427613947768 749.5537796185259 537.2094280614435 739.2576558775623 538.504224394573 739.208274467102 575.9672399042328 739.9066669570163 574.5704549244041 752.0278790782285 573.3583337122828 769.2839426499876 573.636657318279 769.1015241245166 570.4443331225351 769.1392404261196 570.0294538049021 767.5851583890458 570.7201569324905 754.8265376993907 572.0994672773181 751.7230894235286 568.996019001456 744.3064543344797 567.5961832050685 742.2231210011462 564.6795165384018 741.8064543344797 555.5128498717352 745.5564543344797 547.1795165384018 748.8897876678129 545.0961832050684 753.4731210011463 544.6795165384018 758.8897876678129 542.1795165384018 761.7303501687943 535.9362380069236 767.3235705077774 533.5633566509914 780.713401016252 532.3769159730253 782.4083162704892 531.359966820483 784.1032315247265 528.4786108882796 788.171028134896 527.631153261161 796.1371298298113 526.9531871594661 799.0184857620147 527.2921702103135 800.5439094908282 529.4955600408219 800.713401016252 532.0379329221779 812.291213034742 532.3774624084513 814.8366675801965 532.7410987720876 815.7457584892874 532.7410987720876 822.495358252613 533.2120010811569 822.4342797081133 529.7716355047704 833.7108754527942 529.5588695473236 834.2790282682467 538.081161779112 834.4817101131839 538.3063638290422 837.5851583890459 538.9960190014559 846.895503216632 540.0305017600766 848.0021922625951 541.5798664244248 847.2020422264401 526.1865038241085 844.0407341300491 526.3043924495737 843.8782132067676 516.0254897045213 846.6675288068474 515.9034837519432 842.6011202312136 437.67352829689344 847.4398299086329 437.0283670065709 850.5113221018588 515.7353544579839 852.4577361415168 515.6502174089483 852.6334627161384 525.9839602325537 850.9137702961913 526.0480894377527 851.6514718799252 566.873330779356 895.4082503185327 545.2890852500518 895.4966203174192 537.7276098235773 885.3189731393356 538.4871357323894 878.2735185938811 538.7144084596621 875.5462458666084 536.8962266414803 874.4098822302448 530.0780448232985 873.9553367756994 525.0780448232985 875.091700412063 523.2598630051167 880.3189731393356 519.6234993687531 888.7280640484266 515.9871357323893 892.8189731393356 513.2598630051167 894.1826095029721 508.03259027784395 898.5007913211539 504.1689539142076 901.6826095029721 502.8053175505712 907.8189731393358 500.07804482329846 914.1826095029721 499.85077209602576 916.2280640484266 500.3053175505712 916.6954660641277 500.7727195662722 916.4694325578486 451.3890079729284 918.9084569480924 451.6329104119528 918.84008357201 502.3500535004466 919.8644276847903 502.8053175505712 925.5462458666085 502.8053175505712 930.091700412063 502.57804482329846 936.4553367756994 502.57804482329846 938.0462458666085 504.623499368753 937.591700412063 515.532590277844 938.7280640484266 522.1234993687531 937.1371549575176 525.3053175505712 938.1831786145732 529.1431058548102 956.4524093838036 523.1815673932718 958.7273915781667 520.0713793148014 958.666913767618 520.0713793148014 957.8194561404994 497.867989484293 960.8703035981264 495.83409117920826 964.1056652220501 494.9713280794952 964.1056652220501 520.0713793148014 963.7578650118095 520.0713793148014 964.1972070624468 520.5556280185801 964.4508357449051 522.3310287957885 968.6816049756742 522.1387211034807 967.9240988152969 518.8118914461872 967.7151779562578 494.36815093860463 971.3787781743977 494.1391759249709 978.7487372626501 494.1148584832077 981.9630229769358 495.90057276892196 986.9630229769359 495.90057276892196 988.1584391913468 498.20697253514044 987.988947665923 506.8510403317506 987.4804730896519 511.76629456903873 986.6330154625332 513.2917182978523 987.4139478453416 519.9123366240411 996.2601016914953 530.6815673932717 999.7216401530337 541.8354135471177 1003.518496210939 556.1063552820033 1009.2129218652155 556.0342739446073 1007.8964325035138 555.9465079871605 1004.9044654317684 492.2666660475961 983.6395337144008 481.9072933623519 968.7459166931243 482.5455912346923 968.6013446660492 476.3289940704605 964.1867194179599 475.0292476085607 964.4905975441881 482.7583571921391 934.7033635016348 483.82218697937316 934.8090569516102 475.854946051797 933.5521732630976 472.8200981816239 962.9834710140316 472.0075812435146 968.5331507356775 473.39665506447955 982.7884698846136 473.1838891070327 983.421917882019 479.676731080438 984.1201517062782 479.5215680083804 1001.9632889611802 488.3450974201452 1004.9044654317684 488.73725428289026 1007.894852863337 488.07750612830944 1011.6358085542187 556.0036044928478 1016.1464325035138 555.9465079871605 1025.1464325035138 559.4465079871605 1027.3964325035138 561.9465079871605 1028.6464325035138 566.1965079871605 1044.6464325035138 566.9465079871605 1045.8847125241118 567.5578107821393 1048.0747166749313 562.6563729207817 1051.0905896908043 559.4817697461785 1054.1064627066773 558.0531983176071 1062.9953515955663 557.894468158877 1080.6143992146137 557.894468158877 1087.7572563574709 557.7357380001467 1095.6937642939788 558.2119284763372 1099.9794785796933 559.957960222369 1101.5667801669947 564.8785951430038 1101.5667801669947 565.0373253017341 1101.1948409745332 566.5427934616974 1110.255063043155 566.5427934616974 1133.6593183623038 565.904495589357 1138.7657013410271 566.7555594191442 1143.446552404857 569.7342828233996 1144.1421215768862 570.8162793132229 1164.5103821920907 571.223644525527 1184.084850277197 572.0747083553142 1184.5103821920907 572.0747083553142 1185.5677920360267 572.7746838858071 1193.285956955481 566.6813957915012 1205.585867853515 562.7287401160297 1217.5440425973977 562.5394471586948 1215.0440425973977 522.0394471586949 1214.5570964695512 508.891901706841 1208.5617194179597 509.0917476085607 1207.9367194179597 482.8417476085607 1213.6192819555945 482.74703823293345 1212.0440425973977 432.789447158695 1208.0440425973977 431.539447158695 1208.0402225634418 431.4095660041957 1201.7940425973977 431.2894471586949 1201.2979111207405 428.0645925604235 1202.7695422750244 456.39349228038395 1192.7695422750244 456.1807263229372 1192.061020813183 434.78337817533514 1187.534608238329 434.87213136307736 1187.534608238329 450.12284013828173 1177.222108238329 450.74784013828173 1176.597108238329 423.87284013828173 1187.534608238329 423.87284013828173 1187.534608238329 429.8048813202306 1191.890032929871 429.61954409931394 1191.7057124877902 424.0530667484691 1201.0674146154497 423.6275348335755 1201.2966048661053 428.0394471586949 1207.9411014209272 428.0394471586949 1207.7940425973977 423.039447158695 1209.2940425973977 420.289447158695 1211.2940425973977 419.039447158695 1211.2940425973977 413.289447158695 1213.0440425973977 412.539447158695 1214.5440425973977 416.5394471586949 1216.7940425973977 420.0394471586949 1220.0440425973977 422.7894471586949 1219.6055956277007 429.8045986738464 1221.0440425973977 430.0394471586949 1223.5440425973977 431.0394471586949 1237.5440425973977 441.5394471586949 1247.0365516150837 449.30604544589266 1251.0030864203 448.89922136330637 1250.5440425973975 440.7894471586949 1254.0440425973975 440.2894471586949 1256.7940425973975 445.7894471586949 1256.7940425973975 448.3052771400143 1260.2978305290708 447.9459142752273 1260.020052751293 448.2236920530051 1262.2422749735151 479.8903587196718 1258.6161238479174 479.9330193211494 1260.0093357775909 561.3997457272607 1260.4125098516647 561.3853466531866 1266.3415125110364 560.5702846803902 1305.785956955481 562.5147291248345 1310.785956955481 563.9036180137234 1310.8440364072615 564.0136632907813 1311.2755133381534 563.4178141957402 1317.2755133381534 558.7511475290735 1325.2755133381534 557.0844808624068 1335.6088466714868 555.4178141957401 1339.94218000482 556.0844808624068 1339.2755133381534 558.7511475290735 1337.2755133381534 565.4178141957402 1337.6088466714868 571.4178141957402 1340.2755133381534 580.4178141957402 1339.2755133381534 584.0844808624068 1331.0719755465082 586.201522873154 1335.6966712411954 589.9910454670928 1352.8395283840525 613.9196168956643 1356.768099812624 616.0624740385215 1362.125242669767 617.13390260995 1364.625242669767 618.9196168956643 1365.3395283840528 624.9910454670928 1367.4823855269096 628.2053311813786 1366.4109569554812 631.7767597528072 1366.0538140983383 651.4196168956644 1366.4460877809126 652.1580144158041 1370.1059930404272 647.5831328414108 1380.1059930404272 638.5831328414108 1403.6059930404272 622.5831328414108 1421.6059930404272 613.5831328414108 1463.1059930404274 607.5831328414107 1518.1059930404274 602.5831328414107 1547.6059930404276 602.0831328414107 1593.1059930404276 604.5831328414107 1595.1059930404276 604.5831328414107 1634.6059930404276 610.0831328414107 1645.2186515801952 614.3513213278022 1650.2650669888549 615.7124507218746 1647.6239359101953 567.239226611026 1644.8239359101954 562.4392266110259 1644.8239359101954 552.4392266110259 1646.8239359101954 546.8392266110259 1648.0239359101952 543.6392266110258 1640.4239359101948 427.63922661102583 1624.4239359101953 286.4392266110256 1612.0239359101952 212.83922661102554 1609.623935910195 202.4392266110255 1606.8239359101951 199.23922661102552 1604.0239359101952 193.2392266110255 1599.052626149331 177.92544172195426 1594.0239359101952 165.63922661102544 1589.4734836758303 152.95464314057 1590.5845947869414 144.80649499242185 1596.8239359101951 137.63922661102538 1597.623935910195 131.23922661102537 1600.3743241031702 126.86691249244943 1608.3091864593584 135.1929684223735 1614.9212746101803 149.7079337984041 1617.623935910195 159.23922661102543 1620.0239359101952 169.23922661102546 1620.062422694074 175.9453310264584 1622.1712746101803 188.9579337984041 1622.87432410317 199.1396397651767 1638.0239359101952 287.6392266110256 1654.423935910195 424.8392266110258 1662.1524616615493 542.475756673874 1663.9706434797313 547.475756673874 1666.1932638244366 549.3974084814563 1666.2908790728704 557.0453326779941 1663.0615525706403 564.2939384920558 1666.9412390999669 623.229913245809 1684.8738239939885 634.6961489140092 1700.0462377870917 647.1099420174575 1717.2876170974369 661.937528224354 1733.4945136491615 677.7995971898711 1747.2876170974373 686.0754592588365 1755.9083067526099 692.9720109829744 1760.7358929595064 697.1099420174572 1761.0807205457131 700.5582178795262 1761.0807205457131 714.3513213278021 1761.770375718127 719.1789075346986 1760.7938305519187 748.3752612529076 1762.0841531325639 760.6333257690367 1762.3406738906874 770.7012716420417
-1 333 43.45915144292959 589.3358189278335 38.41490433245784 590.2034713932456 35.431324225420724 495.76679989724926 39.31395391466178 495.4894692051606
-1 333 88.58337882568317 587.9528580685433 72.15480739711172 587.2385723542575 72.39290263520697 563.6671437828289 75.01195025425459 560.5719056875909 78.10718834949269 558.6671437828289 80.91714025389426 557.133037777771 89.53575977806413 556.2861914018765
-1 333 145.72623596854038 586.2861914018767 95.51714025389425 585.933037777771 95.91714025389426 557.533037777771 104.05956930187368 558.9052390209243 108.58337882568323 559.6195247352101 113.34528358758799 562.9528580685434 119.29766453996895 567.0004771161625 131.67861692092134 571.7623818780672 140.01195025425466 574.1433342590196 143.58337882568327 574.8576199733053 145.2500454923499 577.4766675923529 145.96433120663562 579.6195247352101 145.96433120663562 580.3338104494958
-1 333 161.80330043128154 581.2596468422031 158.16693679491792 581.7141922967486 155.43966406764523 425.80510138765754 160.31430717151852 426.4410529334764
-1 333 258.7746385364932 509.80912697252546 247.7401557778726 509.46429938631854 247.39532819166567 480.1539545587324 257.05050060545875 480.1539545587324
-1 333 453.7347588832568 480.63010626319425 446.7903144388124 480.907884040972 446.7903144388124 459.2412173743054 452.62364777214566 459.2412173743054
-1 333 450.63210195224883 568.235550682668 448.13210195224883 482.923050682668 451.88210195224883 483.235550682668 454.38210195224883 568.235550682668
-1 333 461.59710823832893 339.8103401382816 461.28460823832893 384.1853401382816 443.78460823832893 386.0603401382816 443.78460823832893 355.92498334023867 433.9176178114868 356.6297683707274 434.424557898206 373.0395901039698 409.42770057576786 373.6583833157863 409.42770057576786 361.7114726987848 403.3487024813494 363.0196115292293 363.34870248134945 375.61220412182183 322.23759137023836 398.20479671441444 273.7190728517199 424.5010930107107 272.9783321109792 431.9085004181181 271.12648025912733 565.6122041218216 265.9487024813496 565.7043941379247 267.4227765554236 431.5381300477477 266.3116654443125 404.5010930107107 271.86722099986804 404.5010930107107 272.9783321109792 419.3159078255255 340.7561098887569 382.2788707884885 380.0153691480161 364.13072264034037 409.42770057576786 357.48922844697705 409.42770057576786 347.37931354834495 433.6139469799881 346.7998410459234 433.8016138983456 352.8746825432766 443.78460823832893 351.74983811060247 443.78460823832893 339.4978401382816
-1 333 716.2846082383289 499.81034013828173 698.7846082383289 499.49784013828173 697.8471082383289 463.56034013828173 714.0971082383289 463.56034013828173
-1 333 722.9367194179598 534.0917476085607 696.3742194179598 534.7167476085607 696.0617194179598 508.1542476085607 721.3742194179598 507.2167476085607
-1 333 1077.222108238329 524.4978401382816 1076.284608238329 508.2478401382817 1084.097108238329 507.9353401382817 1084.097108238329 524.4978401382816
-1 333 1136.2846082383287 514.1853401382817 1135.3471082383287 492.62284013828173 1143.4721082383287 492.31034013828173 1143.7846082383287 514.1853401382817
-1 333 1188.2071310092028 506.14870137619266 1177.278660407411 506.42191314123744 1176.7785595806313 568.434415661907 1172.7785595806313 568.1487013761928 1173.34998815206 510.14870137619266 1171.34998815206 476.14870137619266 1171.34998815206 475.0058442333355 1174.9123885769138 473.90972102568816 1174.7785595806313 471.57727280476405 1187.0642738663457 471.8629870904783
-1 333 1286.8801152044502 364.91126618542285 1284.3801152044502 367.05412332827996 1288.6658294901645 369.91126618542285 1287.237258061593 381.6969804711371 1286.5229723473074 404.19698047113707 1280.8086866330216 410.98269475685134 1286.8801152044502 530.6255518997084 1281.8650358393706 529.7642576384143 1276.3650358393706 410.2642576384144 1269.3650358393706 405.2642576384144 1269.7372580615931 386.69698047113707 1265.094400918736 382.7684090425657 1262.9515437758787 375.9826947568514 1265.094400918736 373.4826947568514 1265.8086866330216 357.76840904256574 1267.9515437758787 351.6969804711371 1270.4515437758787 343.12555189970857 1277.594400918736 343.12555189970857 1279.0229723473074 352.05412332828 1281.1658294901645 355.62555189970857 1283.3086866330216 358.12555189970857 1289.737258061593 358.12555189970857 1290.4515437758787 360.9826947568514
-1 333 1347.8650358393706 594.2642576384142 1337.8650358393706 332.7642576384145 1343.8650358393706 333.7642576384145 1354.3650358393706 597.7642576384142