1 1 0 777.2663336994972 4.216756750009068 779.8469788607875 10.903195488721622 787.8468045112782 11.528195488721622 789.0968045112782 30.023208362912328 821.7824627317553 41.79460673312301 851.8728241756943 44.78931937139622 858.8282857871676 46.34886840111013 862.4504641787612 48.40319548872162 867.2218045112782 62.77819548872162 896.5968045112782 72.77819548872162 932.8468045112782 83.40319548872156 969.0968045112782 85.27819548872156 992.2218045112782 86.47137730690338 1002.0932159945319 96.01683185235794 1011.6386705399865 100.5622863978125 1023.4568523581682 105.5622863978125 1038.4568523581684 105.5622863978125 1056.1841250854409 93.74410457963069 1080 0 1080
5 2 302.76703835557817 411.20998282217306 303.96703835557815 479.60998282217304 332.7093145576208 478.22481288472517 341.45460569703056 477.8033530707777 370.36703835557813 476.409982822173 368.7670383555781 408.009982822173
5 3 595.6376265908723 405.6930947766323 596.8140971791075 447.75191830604405 609.5095845229239 446.1015049513479 616.1784224633151 445.23455601909706 626.2258618849899 443.92838889427935 627.4023324732252 405.10485948251466 616.5887763409033 405.30511052200205 609.495589028753 405.43646584259744
5 4 932.662301915548 168.01535476721634 933.3765876298337 199.80106905293061 1072.662301915548 193.72964048150203 1070.5194447726908 164.08678333864492
5 5 1096.5908733441195 157.65821191007348 1096.8450650807792 160.47974018699597 1097.3919944351392 166.55065602039173 1100.162301915548 197.30106905293061 1160.9732532912503 196.00721902366035 1167.305159058405 195.8724976243592 1166.386886798585 187.4550019093414 1163.0194447726908 156.58678333864492
7 7 341.45460569703056 477.8033530707777 332.7093145576208 478.22481288472517 332.9195384935708 528.8887814486809 333.4207032535586 649.6694886057196 333.4947102966412 667.5051859886264 339.4947102966412 668.3051859886264 339.702014226605 648.1552439961459 340.77717509462394 543.6496076247049
7 8 632.5772277791586 596.2251331467315 629.7200849220159 598.3679902895886 624.7200849220159 600.153704575303 615.7915134934444 600.8679902895886 609.362942064873 600.153704575303 602.9343706363015 598.3679902895886 603.9048792695919 591.2343891542376 605.1534679959212 580.7462438530716 605.375467504886 578.881447977767 605.0813498578273 571.8226244483553 605.9637027990036 565.6461538601201 608.5197884590741 557.689227863915 608.5452181980977 554.8223275239934 608.9857394807407 505.15879720699076 609.5095845229239 446.1015049513479 616.1784224633151 445.23455601909706 621.37260256369 530.5675148109697 622.9343706363015 556.2251331467315 626.862942064873 560.5108474324458 629.7200849220159 563.0108474324458 630.0564200524856 565.281109563116 631.2609004009304 573.4113519151183 634.0057992077301 591.9394188610172
7 9 646.8629420648729 211.58227600387437 641.50579920773 213.01084743244576 635.0772277791585 212.29656171816004 631.1486563505871 204.79656171816004 632.2200849220156 199.79656171816004 634.00579920773 196.58227600387437 634.00579920773 191.9394188610172 633.2915134934442 185.51084743244576 633.6486563505871 181.58227600387437 637.5772277791585 178.01084743244576 614.7200849220156 181.9394188610172 614.7200849220158 256.22513314673154 617.2200849220159 390.153704575303 616.5887763409033 405.30511052200205 609.495589028753 405.43646584259744 607.9056111752574 285.1095314692285 608.5350710044437 183.47422071387655 605.5118151904902 183.24166257434166 590.1629779811879 185.3346858301556 590.6280942602577 189.9858486208533 590.6280942602577 193.9393369929463 591.0932105393274 198.35794164410908 592.9536756556065 202.543988155737 593.883908213746 207.42770908596955 592.9536756556065 209.9858486208533 592.9536756556065 213.47422071387655 591.7908849579321 220.21840676038818 589.0001872835135 224.63701141155093 583.883908213746 227.6602672255044 581.3257686788623 226.03236024876026 578.5350710044437 222.543988155737 574.5815826323508 217.8928253650393 573.6513500742112 214.17189513248118 574.3490244928158 208.82305792317885 575.7443733300252 205.79980210922537 578.0699547253739 202.77654629527188 579.6978617021182 199.05561606271374 579.6978617021182 191.84631373713233 581.8725945745255 187.3397141142537 583.494216196147 184.90728168182125 582.1428648447957 181.12349789803747 583.2239459258767 172.7451195196591 587.5482702502011 172.47484924938883 587.8185405204714 178.1505249250645 607.0077297096606 175.1775519520915 609.440162142093 173.28566006019963 612.1428648447957 151.66403843857802 615.9266486285794 151.93430870884828 615.386108088039 174.637011411551 638.8996216015524 173.28566006019963 638.8996216015524 165.4478222223618 643.7644864664173 165.71809249263208 645.4343706363013 174.4394188610172 645.4343706363013 188.36799028958865 646.50579920773 193.72513314673148 650.7915134934442 200.15370457530292 650.7915134934442 205.86799028958865
7 10 1078.0165165130607 161.52350499196055 1045.0165165130607 156.27350499196055 993.5165165130607 157.02350499196055 925.6772374491073 160.50244237985558 925.7107024059342 155.51616381265254 1004.1913698022413 152.5492096068494 1055.0021806130521 152.5492096068494 1085.0021806130521 156.0627231203629 1096.8450650807792 160.47974018699597 1097.3919944351392 166.55065602039173
7 11 1284.171112353141 249.07236464044075 1282.2356284821733 231.6530098017311 1274.4936929983023 230.68526786624722 1269.654983320883 231.6530098017311 1266.7517575144313 235.20139689850527 1260.9453059015282 233.26591302753752 1166.386886798585 187.4550019093414 1167.305159058405 195.8724976243592 1160.9732532912503 196.00721902366035 1191.2665165130604 210.02350499196052 1267.7194994499152 245.84655818882786 1269.3324026757218 250.36268722108593
7 12 1272.2507443422608 275.7857193046492 1286.8453389368553 274.43436795329785 1296.022934124887 374.0805586004373 1302.8086484106013 476.58055860043726 1310.6536917002495 638.8280269651739 1311.4411672075935 655.1142223051534 1304.9930175480536 655.7590372711073 1288.7138944803207 657.3869495778806 1292.8048035712297 649.2051313960624 1288.7138944803207 456.93240412333535 1279.1684399348667 332.8414950324263
4 13 1723.5624220661146 299.60114742025814 1691.4557189197392 299.2523102109558 1704.985130684445 417.78172197566164 1739.985130684445 413.95819256389694
4 14 1745.8522252861496 334.2880883862688 1773.5624220661146 333.787193931886 1779.3763755544865 417.27556602490927 1751.4693988103006 416.57789160630466
4 15 879.1477111039621 124.69219038714519 925.9219046523492 124.04702909682261 925.7107024059342 155.51616381265254 925.6772374491073 160.50244237985558 925.2767433620265 220.17606135488708 884.3090014265426 218.88573877424193
4 16 293.9090014265431 306.19508049364305 327.50900142654314 306.5950804936431 327.50900142654314 395.795080493643 295.9090014265431 395.795080493643
1 19 314.791343690669 654.1604949289161 311.8183707176961 631.7280624964837 310.73728963661495 627.6740084424297 308.03458693391235 624.4307651991865 301.64916790143457 620.7724640408854 299.14916790143457 613.6296068980282 294.14916790143457 609.7010354694569 288.4348821871488 609.7010354694569 283.4348821871488 613.2724640408854 280.9348821871488 627.2010354694569 258.7920250442917 626.843892612314 260.2205964728631 668.9867497551711 248.07773933000598 674.343892612314 227.72059647286315 678.6296068980282 210.93488218714887 679.343892612314 188.07773933000598 682.5581783265997 155.22059647286315 678.9867497551711 135.57773933000604 673.9867497551711 130.22059647286315 668.6296068980282 124.86345361572032 636.1296068980282 125.57773933000604 601.843892612314 127.00631075857743 596.1296068980282 132.72059647286315 590.7724640408854 139.1491679014346 588.2724640408854 149.1491679014346 584.7010354694569 150.24948309494403 584.3785292920489 169.86345361572032 578.6296068980283 175.57773933000604 573.9867497551711 182.36345361572032 563.9867497551711 200.57773933000598 542.9153211837425 207.72059647286315 538.2724640408854 214.86345361572026 533.9867497551711 222.72059647286315 531.4867497551711 235.22059647286315 530.0581783265998 258.077739330006 526.1296068980283 287.36345361572023 525.4153211837425 309.50631075857746 526.4867497551711 332.9195384935708 528.8887814486809 333.4207032535586 649.6694886057196
1 20 351.5481004474258 609.8361706045919 349.9264788258041 618.4848192532405 350.46701936634474 628.2145489829702 350.7227966777295 641.5149691749809 350.73728963661495 642.2686030370243 348.57512747445287 645.5118462802675 345.0616139609393 646.8631976316188 339.702014226605 648.1552439961459 340.77717509462394 543.6496076247049 341.3780779345097 545.1143082969264 343.9805328798582 551.4577922262135 344.791343690669 558.4848192532405 348.8453977447231 566.3226570910783 351.00755990688526 574.4307651991865 351.8183707176961 581.9983327667541 351.8183707176961 601.1875219559432 351.74200979850355 603.6310713701042
2 21 314.791343690669 654.1604949289161 311.8183707176961 631.7280624964837 310.73728963661495 627.6740084424297 308.03458693391235 624.4307651991865 301.64916790143457 620.7724640408854 299.14916790143457 613.6296068980282 294.14916790143457 609.7010354694569 288.4348821871488 609.7010354694569 283.4348821871488 613.2724640408854 280.9348821871488 627.2010354694569 292.8344877977272 629.0474594022625 292.8344877977272 663.8807323071629 292.8344877977272 664.8614128906345 292.1397029983421 680.6098683433629 292.13681337912254 680.6753663790066 292.067801077376 680.6720537885228 273.8376446678255 679.7970062808644 263.0670459372621 679.2800175417973 253.99727849540162 683.2335059138903 253.99727849540162 686.5407124321472 253.99727849540162 687.1869942859834 255.6251854721458 692.3032733557508 258.18332500702957 695.5590873092392 267.48565058842485 698.5823431231927 284.92751105354114 692.5358314952857 287.9507668674946 697.1869942859834 292.13681337912254 702.5358314952857 296.32285989075046 704.6288547510997 303.76472035586676 703.6986221929601 305.8577436116807 696.7218780069136 307.25309244889 679.9776919604019 301.4391389605179 679.9776919604019 297.9507668674946 677.884668704588 295.8577436116807 669.7451338208671 297.02053430935507 666.4893198673788 304.6949529140063 664.8614128906345 311.90425523958766 664.1637384720299
1 22 457.29927513834 546.6519485202249 453.38903783466014 536.2841278163385 451.73806920547145 533.5325134343573 449.9274993731217 530.5148970471078 446.2736532192755 525.5148970471078 440.50442245004473 520.7072047394154 434.3505762961986 518.9764355086462 423.38903783466014 517.6302816624923 366.46596091158324 522.8225893548002 360.50442245004473 523.9764355086463 358.00442245004473 526.091820124031 351.0813455269678 535.5148970471079 344.9274993731217 540.3225893548002 341.3780779345097 545.1143082969264 343.9805328798582 551.4577922262135 344.791343690669 558.4848192532405 348.8453977447231 566.3226570910783 351.00755990688526 574.4307651991865 351.8183707176961 581.9983327667541 351.8183707176961 601.1875219559432 351.74200979850355 603.6310713701042 352.23519168081395 603.7841278163385 366.2736532192755 603.9764355086462 387.4274993731217 600.3225893548 449.9274993731217 585.7072047394154 456.31566858096295 582.8814567169461 458.61075054817604 579.9306370448151 458.61075054817604 557.1437517989134
1 23 514.2370889821011 506.15729856620044 520.3564919671758 504.36625379008103 522.4460442059817 503.0229702079915 524.2370889821011 500.9334179691855 526.774402414937 499.44088065575266 533.1923128626981 498.2468508050064 543.640074056728 498.0975970736631 549.1624621164295 498.6946119990362 554.9833576388176 501.9781940885885 559.1624621164295 505.7095373721706 560.953506892549 510.33640304381237 561.6997755492653 515.8587911035139 561.7562599759821 516.4895338685176 562.5952979373251 525.8587911035139 560.6549994298623 528.0975970736631 524.1220751792337 535.4619414878215 522.8938054000116 535.7095373721706 517.3714173403101 522.2767015512751
1 24 704.9913239458803 550.0960271421593 704.0538239458803 519.0022771421592 701.2413239458803 513.3772771421592 699.8350739458803 511.8147771421592 691.0850739458803 510.4085271421592 680.6163239458803 508.3772771421592 669.6788239458803 508.2210271421592 650.1475739458803 511.8147771421592 640.9288239458803 515.5647771421592 632.4913239458803 520.2522771421592 626.3975739458803 525.5647771421592 623.7413239458803 528.3772771421592 623.4288239458803 528.8460271421592 621.37260256369 530.5675148109697 622.9343706363015 556.2251331467315 626.862942064873 560.5108474324458 629.7200849220159 563.0108474324458 630.0564200524856 565.281109563116 648.5428167499242 563.9606526561562 645.982624678301 522.2098281035325 649.8956681565619 522.4272194078803 652.4756825217406 563.707449250739 663.2725739458803 563.0647771421593 663.7229986294046 562.998047559415 661.2000159826489 522.2098281035325 664.8956681565619 522.2098281035325 666.3830840284544 563.8426931586727 671.7100739458803 561.8147771421593 677.975542309872 559.6086263097678 677.2497604667501 518.3842176204408 680.2348350936159 518.3842176204408 681.9538394038356 558.2078174738651 691.304754086567 554.9152418813541 689.787073899586 516.1454116502917 693.6676709145113 516.1454116502917 695.04963439802 553.5966220533776
1 25 608.5452181980977 554.8223275239934 591.3975739458803 554.9397771421593 583.5850739458801 554.1585271421593 576.8663239458801 553.0647771421593 574.9913239458801 550.7210271421593 575.1475739458801 545.0960271421593 575.7725739458801 531.3460271421592 577.0225739458801 527.9085271421592 579.5225739458801 526.0335271421592 584.0538239458801 524.4710271421592 586.8663239458801 521.9710271421592 591.2413239458803 519.0022771421592 588.7413239458801 518.5335271421592 588.4288239458801 517.1272771421592 589.6788239458801 515.5647771421592 592.4913239458803 515.4085271421592 593.7413239458803 514.7835271421592 593.9100510182196 514.3617094613107 595.3038239458803 510.8772771421592 598.7413239458803 506.9710271421592 602.0225739458803 505.4085271421592 607.1788239458803 504.9397771421592 608.9857394807407 505.15879720699076
1 26 794.3635710879116 535.5670194386878 775.6679189139986 535.5670194386878 758.0592232618246 538.1757150908618 748.4940058705204 541.6539759604269 744.1461797835638 545.5670194386878 738.2766145661725 558.6104976995574 735.4505276096507 563.6104976995574 732.1896580444334 566.653975960427 728.7113971748681 569.2626716126009 726.320092827042 573.3931063952095 724.8551493778932 594.1686680376831 723.9287884792159 607.3061498734705 723.9287884792159 615.34962813434 724.3635710879116 618.6104976995575 727.1896580444334 621.8713672647748 731.7548754357376 624.2626716126009 765.8853102183464 627.0887585691227 804.7983536966074 625.7844107430358 819.5809623922595 625.34962813434 827.6244406531291 622.7409324821662 835.233136305303 618.3931063952097 851.53748413139 597.9583237865139 853.2766145661726 592.0887585691227 855.4505276096509 568.3931063952095 853.2766145661726 564.9148455256444 850.0157450009551 560.34962813434 843.9287884792161 559.4800629169487 845.0157450009551 555.1322368299922 844.3635710879116 552.5235411778183 840.4505276096509 551.2191933517313 838.2766145661726 551.8713672647748 836.3200928270421 552.3061498734704 828.0592232618247 542.0887585691225 821.5374841313899 536.8713672647748 812.4070493487812 536.0018020473834 809.1333099156965 535.9229167598393
1 27 970.3891948360191 506.7716380415441 949.3546807241629 507.6667237484316 944.7528311996555 507.8625471324532 940.207376654201 508.40800167790775 929.1164675632918 511.1352744051805 926.9346493814736 513.8625471324532 923.6619221087464 528.0443653142714 919.8437402905645 533.4989107688168 919.018191337157 538.6585917276143 918.3891948360191 542.5898198597259 917.1164675632918 577.8625471324533 918.7528311996555 584.589819859726 922.207376654201 587.8625471324533 956.2073766542011 591.1352744051806 975.6619221087466 589.6807289506352 999.4801039269285 585.4989107688169 1002.7528311996557 584.0443653142715 1004.7528311996557 580.4080016779079 1004.5710130178375 544.2261834960897 1004.1145974186218 537.379949507853 1003.8437402905648 533.3170925869988 1000.3891948360193 529.8625471324533 998.025558472383 525.3170925869987 996.3891948360193 517.1352744051806 995.1164675632921 513.6807289506351 992.7528311996557 510.7716380415442 989.283927113126 509.3623957563915 986.9346493814738 508.4080016779078
1 28 1044.0821903650801 533.6305208207209 1042.770714955244 515.1059306567865 1041.9510428240965 511.1715044272783 1039.164157578195 506.25347164039306 1036.2133379060638 501.9911765584258 1034.7379280699981 496.74527491908157 1032.6067805290145 492.4829798371143 1030.3116985618014 491.33543885350775 1016.8690756109818 490.35183229613074 997.3608788896703 492.3190454108848 996.7051411847523 492.4829798371143 994.9018624962277 493.3026519682619 992.7707149552441 498.0567503289176 989.283927113126 509.3623957563915 992.7528311996557 510.7716380415442 995.1164675632921 513.6807289506351 996.3891948360193 517.1352744051806 998.025558472383 525.3170925869987 1000.3891948360193 529.8625471324533 1003.8437402905648 533.3170925869988 1004.1145974186218 537.379949507853 1031.459239545408 538.8764224600652 1036.2133379060638 538.0567503289176 1040.80350184049 536.2534716403931
1 29 949.4920264306537 503.9583896731803 947.3608788896701 498.71248803383605 946.3842891699483 495.9222316917737 946.2133379060635 495.4337995092459 942.446654778828 494.08432550984384 939.9838297093422 493.46658639449174 937.8526821683586 491.66330770596716 936.1945435340782 489.70907288699385 933.2625182339324 486.2534716403934 932.7707149552439 485.9256027879344 930.4756329880307 485.1059306567868 924.7379280699979 485.1059306567868 893.0985838077029 486.0895372141639 887.6887477421291 487.2370781977704 885.2297313486864 488.2206847551475 880.9674362667192 491.00757000104915 878.6723542995061 495.2698650830164 878.6754832193042 495.789265769503 878.8362887257356 522.4829798371147 878.5084198732766 531.9911765584262 880.4756329880307 535.5977339354754 883.4264526601619 537.8928159026885 908.3444854470472 538.8764224600656 919.018191337157 538.6585917276143 919.8437402905645 533.4989107688168 923.6619221087464 528.0443653142714 926.9346493814736 513.8625471324532 929.1164675632918 511.1352744051805 940.207376654201 508.40800167790775 944.7528311996555 507.8625471324532 949.3546807241629 507.6667237484316
1 30 1087.6218222640146 484.314741619609 1086.6806457934263 494.19709456078544 1084.584855706676 495.5331607410887 1077.268881087544 500.19709456078544 1074.9159399110733 501.02062397255014 1061.6218222640146 501.72650632549136 1042.6806457934263 500.6676827960796 1041.268881087544 499.6088592666678 1039.974763440485 497.4912122078443 1039.268881087544 486.19709456078544 1039.8571163816616 483.2559180901972 1041.268881087544 480.66768279607953 1043.1512340287204 474.314741619609 1043.8376223642233 471.6672437540978 1043.974763440485 471.1382710313737 1045.6218222640146 469.7265063254913 1049.3865281463675 468.0794475019619 1054.9159399110733 466.9029769137266 1064.2100575581321 465.60885926666776 1075.9747634404853 465.3735651490207 1079.5041752051911 465.7265063254913 1081.033586969897 466.550035737256 1082.3277046169558 467.9618004431384 1084.5629987346028 473.60885926666776 1086.79829285225 474.9029769137266 1087.9747634404853 476.9029769137266
2 31 1794.3273940096024 674.3225485731755 1793.2992768273543 665.2163678161218 1792.9812401634485 662.3994716500985 1789.3273940096021 647.9763947270213 1789.057051414244 647.1428383913338 1784.7120093942176 633.745625496252 1778.7990404887794 622.971798600383 1776.0581632403716 605.2840870347136 1772.9812401634485 602.0148562654828 1768.5581632403714 600.4763947270212 1761.8273940096024 599.7071639577905 1757.1212198933822 601.8885437508998 1756.1909873352429 594.9117995648533 1758.051452451522 593.5164507276439 1759.911917567801 591.42342747183 1760.8421501259404 587.237380960202 1759.679359428266 582.3536600299695 1756.8886617538474 577.237380960202 1748.9816850096613 572.1211018904346 1743.632847800359 571.42342747183 1739.2142431491961 572.5862181695044 1734.3305222189638 576.3071484020625 1732.7026152422195 580.0280786346207 1732.0049408236148 584.6792414253183 1730.8421501259404 588.6327297974113 1731.5398245445451 590.9583111927602 1733.4002896608242 591.42342747183 1735.260754777103 591.6559856113648 1735.260754777103 599.0978460764811 1735.725871056173 604.9117995648533 1737.586336172452 608.1676135183417 1740.3770338468707 609.562962355551 1737.3537780329173 614.2141251462486 1732.0049408236148 618.4001716578765 1729.4468012887312 627.0048228206673 1725.260754777103 630.9583111927603 1720.8421501259404 635.1443577043882 1719.5735687908698 640.3455411781777 1718.5165687305916 644.6792414253184 1718.0514524515218 649.795520495086 1722.017108634421 656.528348749803 1722.577359882239 657.479534444447 1726.6589925353003 658.9081058730185 1729.7202170250962 657.8876977097532 1736.061478918505 656.8593849702814 1737.2712374332596 656.6632079138348 1738.8165684221283 657.7792802946844 1740.9447068210145 659.3162691383246 1743.5977680455044 662.5815752607735 1748.0875639638718 664.4183099546511 1750.7406251883615 664.6223915873042 1751.1629604695904 663.0738288894646 1751.3528700863208 662.3774936281205 1750.9447068210147 658.0917793424062 1747.4753190659126 653.6019834240388 1743.3936864128514 648.2958609750592 1739.7202170250962 645.8468813832225 1734.6181762087697 645.8468813832225 1736.3418224432082 641.9859138180803 1739.7202170250962 634.418309954651 1742.9855231475453 634.6223915873042 1747.6794006985656 638.4999426077123 1749.9824723941235 643.3203252263221 1756.4549109026473 656.8672895464879 1758.699808861831 662.9897385260797 1756.6324029440286 667.3542621303293 1755.026339474076 670.7448405668961 1748.9038904944841 676.0509630158756 1747.4294006985656 695.0917793424062 1759.523474146377 720.5161283157337 1765.869627992531 715.5161283157337 1767.023474146377 707.4392052388106 1765.2927049156078 702.4392052388106 1760.869627992531 698.5930513926567 1756.4160338771928 691.721791900421 1767.4294006985656 687.5917793424062 1770.9294006985656 715.0917793424063 1770.1794006985656 736.3417793424063 1770.9294006985656 746.0917793424064 1770.9091249456553 746.2325592236775 1769.4645467443563 756.2626453351644 1768.6782744252946 761.7219406922287 1766.7045902147684 765.0114143764392 1763.2835375831894 768.5640459553865 1759.7120093942178 771.4379331885602 1757.9812401634485 773.7456254962525 1756.9677481095052 775.4061512185444 1757.0993270568736 778.0377301659129 1759.9940638989788 778.8272038501234 1765.3888007410842 777.774572271176 1772.0993270568736 774.0903617448603 1776.4414323200315 771.5903617448603 1778.2835375831894 768.9587827974918 1777.8888007410842 763.695624902755 1779.1412742793793 755.4636399640727 1779.51970170191 752.9763947270217 1782.596624778833 738.7456254962525 1785.4812401634485 732.3994716500986 1785.6735478557562 728.1687024193294 1784.1350863172947 723.1687024193294 1782.788932471141 718.7456254962524 1784.3273940096024 710.0917793424063 1789.7120093942178 690.4763947270217 1792.4043170865255 678.1687024193293
3 33 1770.9294006985656 746.0917793424064 1770.1794006985656 736.3417793424063 1770.9294006985656 715.0917793424063 1767.4294006985656 687.5917793424062 1756.4160338771928 691.721791900421 1760.869627992531 698.5930513926567 1765.2927049156078 702.4392052388106 1767.023474146377 707.4392052388106 1765.869627992531 715.5161283157337 1759.523474146377 720.5161283157337 1747.4294006985656 695.0917793424062 1748.9038904944841 676.0509630158756 1755.026339474076 670.7448405668961 1756.6324029440286 667.3542621303293 1751.1629604695904 663.0738288894646 1750.7406251883615 664.6223915873042 1748.0875639638718 664.4183099546511 1743.5977680455044 662.5815752607735 1740.9447068210145 659.3162691383246 1738.8165684221283 657.7792802946844 1736.061478918505 656.8593849702814 1729.7202170250962 657.8876977097532 1726.6589925353003 658.9081058730185 1722.577359882239 657.479534444447 1722.017108634421 656.528348749803 1719.8097368001313 665.0182404201475 1721.0597368001313 670.5182404201475 1724.5597368001313 676.0182404201475 1728.5597368001313 684.5182404201475 1730.0597368001313 690.2682404201475 1727.0597368001313 694.5182404201475 1711.8097368001313 695.5182404201475 1704.5597368001313 698.7682404201475 1697.5597368001313 703.0182404201475 1686.1976541292252 721.3234868430409 1680.6094188351076 736.0293691959821 1679.727065893931 744.558780960688 1679.727065893931 755.4411339018644 1680.3153011880486 764.2646633136292 1682.962360011578 772.4999574312762 1686.491771776284 776.6176044900998 1690.9035364821664 778.9705456665704 1697.0800070704017 780.7352515489233 1702.2388342960242 780.591950792656 1707.6682423645193 780.4411339018645 1714.727065893931 777.7940750783351 1722.0800070704017 774.5587809606881 1723.8782418923379 772.760546138752 1727.9623600115783 768.6764280195116 1737.9623600115783 750.4411339018644 1740.6094188351076 742.794075078335 1747.0800070704017 741.0293691959821 1757.3741247174607 741.6176044900997 1761.1976541292254 746.6176044900997 1765.9035364821666 746.6176044900997 1770.9091249456553 746.2325592236775
3 34 1830.9035364821666 721.3234868430409 1828.550595305696 731.9117221371584 1827.471228941517 735.2697508257158 1825.9035364821666 740.1470162548056 1822.6682423645198 747.794075078335 1817.3741247174607 754.8528986077469 1805.9035364821666 763.6764280195116 1797.6682423645195 766.6176044900998 1791.7858894233432 766.9117221371586 1782.9623600115783 761.9117221371586 1779.1412742793793 755.4636399640727 1779.51970170191 752.9763947270217 1782.596624778833 738.7456254962525 1785.4812401634485 732.3994716500986 1785.6735478557562 728.1687024193294 1784.1350863172947 723.1687024193294 1782.788932471141 718.7456254962524 1784.3273940096024 710.0917793424063 1789.7120093942178 690.4763947270217 1792.4043170865255 678.1687024193293 1794.3273940096024 674.3225485731755 1793.2992768273543 665.2163678161218 1799.1388305998137 666.9117221371583 1800.6094188351078 675.1470162548054 1832.080007070402 672.499957431276 1832.6682423645198 683.9705456665702 1825.9035364821666 684.8528986077466 1830.0211835409903 690.1470162548054 1831.7858894233432 694.5587809606878 1832.6682423645198 707.2058397842172
1 35 936.2760408097872 489.7176515475948 934.8214953552417 469.35401518395844 922.4578589916053 468.08128791123113 913.00331353706 468.99037882032206 908.094222627969 471.35401518395844 903.3669499006962 475.35401518395844 897.5487680825145 478.6267424566857 893.7305862643326 475.5358333657766 891.0033135370599 467.35401518395844 886.6396771734235 464.8085606385039 875.7305862643326 464.8085606385039 869.185131718878 465.71765154759476 867.185131718878 466.99037882032206 860.8214953552416 465.71765154759476 851.7305862643325 466.2631060930493 847.185131718878 468.2631060930493 843.9124044461507 470.99037882032206 836.0942226279689 469.71765154759476 829.7305862643325 470.8085606385039 827.185131718878 472.6267424566857 825.3669499006961 495.5358333657766 824.6396771734234 507.899469729413 824.6396771734234 515.7176515475949 825.5746075866181 516.6359508228704 828.3340843571309 519.3463402622758 830.3020148357615 519.9903788203221 830.5877291214758 519.9903788203221 833.7305862643329 519.2760931060363 854.5877291214758 512.2760931060363 855.7305862643329 510.8475216774649 856.8734434071902 505.8475216774649 857.0163005500473 497.41895024889345 863.1591576929045 497.41895024889345 867.5877291214758 497.1332359631792 878.6754832193042 495.789265769503 878.6723542995061 495.2698650830164 880.9674362667192 491.00757000104915 885.2297313486864 488.2206847551475 887.6887477421291 487.2370781977704 893.0985838077029 486.0895372141639 924.7379280699979 485.1059306567868 930.4756329880307 485.1059306567868 932.7707149552439 485.9256027879344 933.2625182339324 486.2534716403934 936.1945435340782 489.70907288699385
6 36 1637.993356297237 895.4760194954407 1228.762587066465 684.7067887262085 950.7818178356938 694.5144810339007 486.4068178356913 692.6394810339007 407.03181783569084 726.3894810339008 222.65681783568988 803.8894810339011 222.03181783568988 803.8894810339011 46.34886840111013 862.4504641787612 48.40319548872162 867.2218045112782 62.77819548872162 896.5968045112782 72.77819548872162 932.8468045112782 83.40319548872156 969.0968045112782 85.27819548872156 992.2218045112782 86.47137730690338 1002.0932159945319 96.01683185235794 1011.6386705399865 100.5622863978125 1023.4568523581682 105.5622863978125 1038.4568523581684 105.5622863978125 1056.1841250854409 93.74410457963069 1080 900.6856639895357 1080 1337.9933562972349 993.9375579569798
9 39 1736.3418224432082 641.9859138180803 1739.7202170250962 634.418309954651 1742.9855231475453 634.6223915873042 1747.6794006985656 638.4999426077123 1749.9824723941235 643.3203252263221
11 42 608.5452181980977 554.8223275239934 591.3975739458803 554.9397771421593 583.5850739458801 554.1585271421593 576.8663239458801 553.0647771421593 574.9913239458801 550.7210271421593 575.1475739458801 545.0960271421593 575.7725739458801 531.3460271421592 577.0225739458801 527.9085271421592 579.5225739458801 526.0335271421592 584.0538239458801 524.4710271421592 586.8663239458801 521.9710271421592 591.2413239458803 519.0022771421592 588.7413239458801 518.5335271421592 588.4288239458801 517.1272771421592 589.6788239458801 515.5647771421592 592.4913239458803 515.4085271421592 593.7413239458803 514.7835271421592 593.9100510182196 514.3617094613107 561.7562599759821 516.4895338685176 562.5952979373251 525.8587911035139 560.6549994298623 528.0975970736631 524.1220751792337 535.4619414878215 524.7403560716427 543.190452642936 512.01308334437 546.8268162792995 506.1039924352791 514.5540890065721 489.2858106170972 517.2813617338448 494.7403560716427 551.8268162792996 481.103992435279 553.190452642936 479.2858106170972 529.0995435520267 451.73806920547145 533.5325134343573 453.38903783466014 536.2841278163385 457.29927513834 546.6519485202249 458.61075054817604 557.1437517989134 458.61075054817604 579.9306370448151 456.31566858096295 582.8814567169461 449.9274993731217 585.7072047394154 387.4274993731217 600.3225893548 366.2736532192755 603.9764355086462 352.23519168081395 603.7841278163385 351.74200979850355 603.6310713701042 351.5481004474258 609.8361706045919 349.9264788258041 618.4848192532405 350.46701936634474 628.2145489829702 350.7227966777295 641.5149691749809 360.73566398953045 641.9142063086254 449.53566398953075 624.7142063086253 573.5356639895311 589.5142063086251 605.1534679959212 580.7462438530716 605.375467504886 578.881447977767 605.0813498578273 571.8226244483553 605.9637027990036 565.6461538601201 608.5197884590741 557.689227863915
11 43 649.5060304540801 568.1805648220621 648.8087116348228 568.2967846252717 648.5428167499242 563.9606526561562 630.0564200524856 565.281109563116 631.2609004009304 573.4113519151183
11 44 1736.061478918505 656.8593849702814 1737.2712374332596 656.6632079138348 1738.8165684221283 657.7792802946844
11 45 1756.6324029440286 667.3542621303293 1751.1629604695904 663.0738288894646 1751.3528700863208 662.3774936281205 1750.9447068210147 658.0917793424062 1747.4753190659126 653.6019834240388 1743.3936864128514 648.2958609750592 1739.7202170250962 645.8468813832225 1734.6181762087697 645.8468813832225 1736.3418224432082 641.9859138180803 1749.9824723941235 643.3203252263221 1756.4549109026473 656.8672895464879 1758.699808861831 662.9897385260797
9 47 292.8344877977272 664.8614128906345 292.8344877977272 629.0474594022625 280.9348821871488 627.2010354694569 258.7920250442917 626.843892612314 260.2205964728631 668.9867497551711 263.0670459372621 679.2800175417973 292.067801077376 680.6720537885228 292.1397029983421 680.6098683433629
6 86 1896.3429132385036 822.6964086698841 1837.8813747769648 818.0810240544995 1679.419836315425 788.85025482373 1702.2388342960242 780.591950792656 1707.6682423645193 780.4411339018645 1714.727065893931 777.7940750783351 1769.4645467443563 756.2626453351644 1768.6782744252946 761.7219406922287 1766.7045902147684 765.0114143764392 1763.2835375831894 768.5640459553865 1759.7120093942178 771.4379331885602 1757.9812401634485 773.7456254962525 1756.9677481095052 775.4061512185444 1757.0993270568736 778.0377301659129 1759.9940638989788 778.8272038501234 1765.3888007410842 777.774572271176 1772.0993270568736 774.0903617448603 1776.4414323200315 771.5903617448603 1778.2835375831894 768.9587827974918 1777.8888007410842 763.695624902755 1779.1412742793793 755.4636399640727 1782.9623600115783 761.9117221371586 1791.7858894233432 766.9117221371586 1797.6682423645195 766.6176044900998 1805.9035364821666 763.6764280195116 1817.3741247174607 754.8528986077469 1822.6682423645198 747.794075078335 1825.9035364821666 740.1470162548056 1827.471228941517 735.2697508257158 1840.9582978538879 730.3887163621912 1920 697.3117932852679 1920 798.0810240544993
11 87 292.1397029983421 680.6098683433629 292.067801077376 680.6720537885228 292.13681337912254 680.6753663790066
11 88 1769.4645467443563 756.2626453351644 1714.727065893931 777.7940750783351 1722.0800070704017 774.5587809606881 1727.9623600115783 768.6764280195116 1737.9623600115783 750.4411339018644 1740.6094188351076 742.794075078335 1747.0800070704017 741.0293691959821 1757.3741247174607 741.6176044900997 1761.1976541292254 746.6176044900997 1765.9035364821666 746.6176044900997 1770.9091249456553 746.2325592236775
11 89 1920 697.3117932852679 1920 675.5220848594195 1832.6682423645198 707.2058397842172 1830.9035364821666 721.3234868430409 1828.550595305696 731.9117221371584 1827.471228941517 735.2697508257158 1840.9582978538879 730.3887163621912
11 90 1920 1080 1920 1004.9979722138444 1830.070264801695 986.0506037927917 1920 909.2084985296336 1920 798.0810240544993 1896.3429132385036 822.6964086698841 1837.8813747769648 818.0810240544995 1679.419836315425 788.85025482373 1702.2388342960242 780.591950792656 1697.0800070704017 780.7352515489233 1690.9035364821664 778.9705456665704 1686.491771776284 776.6176044900998 1682.962360011578 772.4999574312762 1680.3153011880486 764.2646633136292 1679.727065893931 755.4411339018644 1679.727065893931 744.558780960688 1613.6255348423106 745.3201709838213 1496.7834295791522 744.2675394048739 1385.2044822107305 733.2149078259265 1310.9786178099146 696.5699481474325 1215.6639324952284 634.4370810145651 1184.7548415861374 605.3461719236559 1157.0275688588645 604.8916264691104 1143.391205222501 592.1643537418377 1133.3912052225007 573.0734446509285 1135.663932495228 551.2552628327467 1135.2093870406827 543.0734446509284 1096.2958296794461 551.8580024403384 1077.0275688588642 559.4370810145648 1073.0525864362028 566.7228673052033 1069.8093431929597 578.0742186565546 1075.214748598365 592.6688132511492 1108.4579918416084 642.3985429808791 1107.106640490257 617.5336781160142 1114.6742080578244 617.8039483862844 1113.8633972470138 646.7228673052035 1120.663932495228 656.7098082872925 1129.7548415861372 680.3461719236562 1079.754841586137 678.9825355600199 1049.7548415861368 615.8007173782014 1038.845750677046 583.527990105474 1043.845750677046 565.3461719236558 1050.6639324952278 558.5279901054739 1086.5660999497163 544.2904348727708 1134.3002961315917 536.2552628327466 1179.754841586137 528.0734446509282 1203.600995432291 512.6888292663127 1228.9856108169067 495.7657523432357 1230.5240723553682 474.99652157400476 1211.2933031245989 471.1503677278509 1149.754841586137 481.9195984970818 1120.5240723553675 504.22729080477416 1112.062533893829 511.1503677278512 1094.370226201521 508.0734446509281 1086.6779185092134 497.30421388169725 1084.584855706676 495.5331607410887 1077.268881087544 500.19709456078544 1074.9159399110733 501.02062397255014 1061.6218222640146 501.72650632549136 1042.6806457934263 500.6676827960796 1041.268881087544 499.6088592666678 1039.974763440485 497.4912122078443 1039.268881087544 486.19709456078544 1039.8571163816616 483.2559180901972 1041.268881087544 480.66768279607953 1043.1512340287204 474.314741619609 1043.8376223642233 471.6672437540978 1042.373976483497 471.80030247052747 997.5352668060775 481.4777218253662 987.2126861609162 486.3164315027856 982.0513958383356 486.63901214794686 946.3842891699483 495.9222316917737 947.3608788896701 498.71248803383605 949.4920264306537 503.9583896731803 949.3546807241629 507.6667237484316 970.3891948360191 506.7716380415441 986.9346493814738 508.4080016779078 989.283927113126 509.3623957563915 992.7707149552441 498.0567503289176 994.9018624962277 493.3026519682619 996.7051411847523 492.4829798371143 997.3608788896703 492.3190454108848 1016.8690756109818 490.35183229613074 1030.3116985618014 491.33543885350775 1032.6067805290145 492.4829798371143 1034.7379280699981 496.74527491908157 1036.2133379060638 501.9911765584258 1039.164157578195 506.25347164039306 1041.9510428240965 511.1715044272783 1042.770714955244 515.1059306567865 1044.0821903650801 533.6305208207209 1040.80350184049 536.2534716403931 1036.2133379060638 538.0567503289176 1031.459239545408 538.8764224600652 1004.1145974186218 537.379949507853 1004.5710130178375 544.2261834960897 1004.7528311996557 580.4080016779079 1002.7528311996557 584.0443653142715 999.4801039269285 585.4989107688169 975.6619221087466 589.6807289506352 956.2073766542011 591.1352744051806 922.207376654201 587.8625471324533 918.7528311996555 584.589819859726 917.1164675632918 577.8625471324533 918.3891948360191 542.5898198597259 919.018191337157 538.6585917276143 908.3444854470472 538.8764224600656 883.4264526601619 537.8928159026885 880.4756329880307 535.5977339354754 878.5084198732766 531.9911765584262 878.8362887257356 522.4829798371147 878.6754832193042 495.789265769503 867.5877291214758 497.1332359631792 863.1591576929045 497.41895024889345 857.0163005500473 497.41895024889345 856.8734434071902 505.8475216774649 855.7305862643329 510.8475216774649 854.5877291214758 512.2760931060363 833.7305862643329 519.2760931060363 830.5877291214758 519.9903788203221 830.3020148357615 519.9903788203221 828.3340843571309 519.3463402622758 825.5746075866181 516.6359508228704 823.0997829351094 521.7311780465648 809.1333099156965 535.9229167598393 812.4070493487812 536.0018020473834 821.5374841313899 536.8713672647748 828.0592232618247 542.0887585691225 836.3200928270421 552.3061498734704 838.2766145661726 551.8713672647748 840.4505276096509 551.2191933517313 844.3635710879116 552.5235411778183 845.0157450009551 555.1322368299922 843.9287884792161 559.4800629169487 850.0157450009551 560.34962813434 853.2766145661726 564.9148455256444 855.4505276096509 568.3931063952095 853.2766145661726 592.0887585691227 851.53748413139 597.9583237865139 835.233136305303 618.3931063952097 827.6244406531291 622.7409324821662 819.5809623922595 625.34962813434 804.7983536966074 625.7844107430358 765.8853102183464 627.0887585691227 731.7548754357376 624.2626716126009 727.1896580444334 621.8713672647748 724.3635710879116 618.6104976995575 723.9287884792159 615.34962813434 723.9287884792159 607.3061498734705 724.8551493778932 594.1686680376831 496.5212456828864 681.0855184430111 327.7406527406099 745.6615962937526 240.6174358671571 782.4630108763101 41.79460673312301 851.8728241756943 46.34886840111013 862.4504641787612 222.03181783568988 803.8894810339011 222.65681783568988 803.8894810339011 407.03181783569084 726.3894810339008 486.4068178356913 692.6394810339007 950.7818178356938 694.5144810339007 1228.762587066465 684.7067887262085 1637.993356297237 895.4760194954407 1337.9933562972349 993.9375579569798 900.6856639895357 1080 1285.8632809960252 1078.2760086510916 1369.1863579191026 1073.9990855741682 1419.5863579191027 1074.7990855741682 1482.386357919103 1074.3990855741683 1497.1863579191029 1080
11 366 663.7902544255194 564.0853495966037 663.7229986294046 562.998047559415 663.2725739458803 563.0647771421593 652.4756825217405 563.707449250739 652.6980561373563 567.265427100591
9 369 1920 675.5220848594195 1920 0 0 0 0 599.086431663915 150.24948309494403 584.3785292920489 169.86345361572032 578.6296068980283 175.57773933000604 573.9867497551711 182.36345361572032 563.9867497551711 200.57773933000598 542.9153211837425 207.72059647286315 538.2724640408854 214.86345361572026 533.9867497551711 222.72059647286315 531.4867497551711 235.22059647286315 530.0581783265998 258.077739330006 526.1296068980283 287.36345361572023 525.4153211837425 309.50631075857746 526.4867497551711 332.9195384935708 528.8887814486809 332.7093145576208 478.22481288472517 303.96703835557815 479.60998282217304 302.76703835557817 411.20998282217306 368.7670383555781 408.009982822173 370.36703835557813 476.409982822173 341.45460569703056 477.8033530707777 340.77717509462394 543.6496076247049 341.3780779345097 545.1143082969264 344.9274993731217 540.3225893548002 351.0813455269678 535.5148970471079 358.00442245004473 526.091820124031 360.50442245004473 523.9764355086463 366.46596091158324 522.8225893548002 423.38903783466014 517.6302816624923 434.3505762961986 518.9764355086462 440.50442245004473 520.7072047394154 446.2736532192755 525.5148970471078 449.9274993731217 530.5148970471078 451.73806920547145 533.5325134343573 479.2858106170972 529.0995435520267 481.103992435279 553.190452642936 494.7403560716427 551.8268162792996 489.2858106170972 517.2813617338448 506.1039924352791 514.5540890065721 512.01308334437 546.8268162792995 524.7403560716427 543.190452642936 524.1220751792337 535.4619414878215 522.8938054000116 535.7095373721706 517.3714173403101 522.2767015512751 514.2370889821011 506.15729856620044 520.3564919671758 504.36625379008103 522.4460442059817 503.0229702079915 524.2370889821011 500.9334179691855 526.774402414937 499.44088065575266 533.1923128626981 498.2468508050064 543.640074056728 498.0975970736631 549.1624621164295 498.6946119990362 554.9833576388176 501.9781940885885 559.1624621164295 505.7095373721706 560.953506892549 510.33640304381237 561.6997755492653 515.8587911035139 561.7562599759821 516.4895338685176 593.9100510182196 514.3617094613107 595.3038239458803 510.8772771421592 598.7413239458803 506.9710271421592 602.0225739458803 505.4085271421592 607.1788239458803 504.9397771421592 608.9857394807407 505.15879720699076 609.5095845229239 446.1015049513479 596.8140971791075 447.75191830604405 595.6376265908723 405.6930947766323 609.495589028753 405.43646584259744 607.9056111752574 285.1095314692285 608.5350710044437 183.47422071387655 605.5118151904902 183.24166257434166 590.1629779811879 185.3346858301556 590.6280942602577 189.9858486208533 590.6280942602577 193.9393369929463 591.0932105393274 198.35794164410908 592.9536756556065 202.543988155737 593.883908213746 207.42770908596955 592.9536756556065 209.9858486208533 592.9536756556065 213.47422071387655 591.7908849579321 220.21840676038818 589.0001872835135 224.63701141155093 583.883908213746 227.6602672255044 581.3257686788623 226.03236024876026 578.5350710044437 222.543988155737 574.5815826323508 217.8928253650393 573.6513500742112 214.17189513248118 574.3490244928158 208.82305792317885 575.7443733300252 205.79980210922537 578.0699547253739 202.77654629527188 579.6978617021182 199.05561606271374 579.6978617021182 191.84631373713233 581.8725945745255 187.3397141142537 583.494216196147 184.90728168182125 582.1428648447957 181.12349789803747 583.2239459258767 172.7451195196591 587.5482702502011 172.47484924938883 587.8185405204714 178.1505249250645 607.0077297096606 175.1775519520915 609.440162142093 173.28566006019963 612.1428648447957 151.66403843857802 615.9266486285794 151.93430870884828 615.386108088039 174.637011411551 638.8996216015524 173.28566006019963 638.8996216015524 165.4478222223618 643.7644864664173 165.71809249263208 645.4343706363013 174.4394188610172 645.4343706363013 188.36799028958865 646.50579920773 193.72513314673148 650.7915134934442 200.15370457530292 650.7915134934442 205.86799028958865 646.8629420648729 211.58227600387437 641.50579920773 213.01084743244576 635.0772277791585 212.29656171816004 631.1486563505871 204.79656171816004 632.2200849220156 199.79656171816004 634.00579920773 196.58227600387437 634.00579920773 191.9394188610172 633.2915134934442 185.51084743244576 633.6486563505871 181.58227600387437 637.5772277791585 178.01084743244576 614.7200849220156 181.9394188610172 614.7200849220158 256.22513314673154 617.2200849220159 390.153704575303 616.5887763409033 405.30511052200205 627.4023324732252 405.10485948251466 626.2258618849899 443.92838889427935 616.1784224633151 445.23455601909706 621.37260256369 530.5675148109697 623.4288239458803 528.8460271421592 623.7413239458803 528.3772771421592 626.3975739458803 525.5647771421592 632.4913239458803 520.2522771421592 640.9288239458803 515.5647771421592 650.1475739458803 511.8147771421592 669.6788239458803 508.2210271421592 680.6163239458803 508.3772771421592 691.0850739458803 510.4085271421592 699.8350739458803 511.8147771421592 701.2413239458803 513.3772771421592 704.0538239458803 519.0022771421592 704.9913239458803 550.0960271421593 695.04963439802 553.5966220533776 693.6676709145113 516.1454116502917 689.787073899586 516.1454116502917 691.304754086567 554.9152418813541 681.9538394038356 558.2078174738651 680.2348350936159 518.3842176204408 677.2497604667501 518.3842176204408 677.975542309872 559.6086263097678 671.7100739458803 561.8147771421593 666.3830840284544 563.8426931586727 664.8956681565619 522.2098281035325 661.2000159826489 522.2098281035325 663.7902544255194 564.0853495966037 652.6980561373563 567.265427100591 649.8956681565619 522.4272194078803 645.982624678301 522.2098281035325 648.8087116348228 568.2967846252717 649.5060304540801 568.1805648220621 631.2609004009304 573.4113519151183 634.0057992077301 591.9394188610172 632.5772277791586 596.2251331467315 629.7200849220159 598.3679902895886 624.7200849220159 600.153704575303 615.7915134934444 600.8679902895886 609.362942064873 600.153704575303 602.9343706363015 598.3679902895886 603.9048792695919 591.2343891542376 605.1534679959212 580.7462438530716 573.5356639895311 589.5142063086251 449.53566398953075 624.7142063086253 360.73566398953045 641.9142063086254 350.7227966777295 641.5149691749809 350.73728963661495 642.2686030370243 348.57512747445287 645.5118462802675 345.0616139609393 646.8631976316188 339.702014226605 648.1552439961459 339.4947102966412 668.3051859886264 333.4947102966412 667.5051859886264 333.4207032535586 649.6694886057196 314.791343690669 654.1604949289161 311.90425523958766 664.1637384720299 304.6949529140063 664.8614128906345 297.02053430935507 666.4893198673788 295.8577436116807 669.7451338208671 297.9507668674946 677.884668704588 301.4391389605179 679.9776919604019 307.25309244889 679.9776919604019 305.8577436116807 696.7218780069136 303.76472035586676 703.6986221929601 296.32285989075046 704.6288547510997 292.13681337912254 702.5358314952857 287.9507668674946 697.1869942859834 284.92751105354114 692.5358314952857 267.48565058842485 698.5823431231927 258.18332500702957 695.5590873092392 255.6251854721458 692.3032733557508 253.99727849540162 687.1869942859834 253.99727849540162 686.5407124321472 120.05467720194024 722.3330342339572 0 754.4142063086258 0 777.2663336994972 4.216756750009068 779.8469788607875 10.903195488721622 787.8468045112782 30.023208362912328 821.7824627317553 41.79460673312301 851.8728241756943 240.6174358671571 782.4630108763101 327.7406527406099 745.6615962937526 496.5212456828864 681.0855184430111 724.8551493778932 594.1686680376831 726.320092827042 573.3931063952095 728.7113971748681 569.2626716126009 732.1896580444334 566.653975960427 735.4505276096507 563.6104976995574 738.2766145661725 558.6104976995574 744.1461797835638 545.5670194386878 748.4940058705204 541.6539759604269 758.0592232618246 538.1757150908618 775.6679189139986 535.5670194386878 794.3635710879116 535.5670194386878 809.1333099156965 535.9229167598393 823.0997829351094 521.7311780465648 825.5746075866181 516.6359508228704 824.6396771734234 515.7176515475949 824.6396771734234 507.899469729413 825.3669499006961 495.5358333657766 827.185131718878 472.6267424566857 829.7305862643325 470.8085606385039 836.0942226279689 469.71765154759476 843.9124044461507 470.99037882032206 847.185131718878 468.2631060930493 851.7305862643325 466.2631060930493 860.8214953552416 465.71765154759476 867.185131718878 466.99037882032206 869.185131718878 465.71765154759476 875.7305862643326 464.8085606385039 886.6396771734235 464.8085606385039 891.0033135370599 467.35401518395844 893.7305862643326 475.5358333657766 897.5487680825145 478.6267424566857 903.3669499006962 475.35401518395844 908.094222627969 471.35401518395844 913.00331353706 468.99037882032206 922.4578589916053 468.08128791123113 934.8214953552417 469.35401518395844 936.2760408097872 489.7176515475948 936.1945435340782 489.70907288699385 937.8526821683586 491.66330770596716 939.9838297093422 493.46658639449174 942.446654778828 494.08432550984384 946.2133379060635 495.4337995092459 946.3842891699483 495.9222316917737 982.0513958383356 486.63901214794686 987.2126861609162 486.3164315027856 997.5352668060775 481.4777218253662 1042.373976483497 471.80030247052747 1043.8376223642233 471.6672437540978 1043.974763440485 471.1382710313737 1045.6218222640146 469.7265063254913 1049.3865281463675 468.0794475019619 1054.9159399110733 466.9029769137266 1064.2100575581321 465.60885926666776 1075.9747634404853 465.3735651490207 1079.5041752051911 465.7265063254913 1081.033586969897 466.550035737256 1082.3277046169558 467.9618004431384 1084.5629987346028 473.60885926666776 1086.79829285225 474.9029769137266 1087.9747634404853 476.9029769137266 1087.6218222640146 484.314741619609 1086.6806457934263 494.19709456078544 1084.584855706676 495.5331607410887 1086.6779185092134 497.30421388169725 1094.370226201521 508.0734446509281 1112.062533893829 511.1503677278512 1120.5240723553675 504.22729080477416 1149.754841586137 481.9195984970818 1211.2933031245989 471.1503677278509 1230.5240723553682 474.99652157400476 1228.9856108169067 495.7657523432357 1203.600995432291 512.6888292663127 1179.754841586137 528.0734446509282 1134.3002961315917 536.2552628327466 1086.5660999497163 544.2904348727708 1050.6639324952278 558.5279901054739 1043.845750677046 565.3461719236558 1038.845750677046 583.527990105474 1049.7548415861368 615.8007173782014 1079.754841586137 678.9825355600199 1129.7548415861372 680.3461719236562 1120.663932495228 656.7098082872925 1113.8633972470138 646.7228673052035 1114.6742080578244 617.8039483862844 1107.106640490257 617.5336781160142 1108.4579918416084 642.3985429808791 1075.214748598365 592.6688132511492 1069.8093431929597 578.0742186565546 1073.0525864362028 566.7228673052033 1077.0275688588642 559.4370810145648 1096.2958296794461 551.8580024403384 1135.2093870406827 543.0734446509284 1135.663932495228 551.2552628327467 1133.3912052225007 573.0734446509285 1143.391205222501 592.1643537418377 1157.0275688588645 604.8916264691104 1184.7548415861374 605.3461719236559 1215.6639324952284 634.4370810145651 1310.9786178099146 696.5699481474325 1385.2044822107305 733.2149078259265 1496.7834295791522 744.2675394048739 1613.6255348423106 745.3201709838213 1679.727065893931 744.558780960688 1680.6094188351076 736.0293691959821 1686.1976541292252 721.3234868430409 1697.5597368001313 703.0182404201475 1704.5597368001313 698.7682404201475 1711.8097368001313 695.5182404201475 1727.0597368001313 694.5182404201475 1730.0597368001313 690.2682404201475 1728.5597368001313 684.5182404201475 1724.5597368001313 676.0182404201475 1721.0597368001313 670.5182404201475 1719.8097368001313 665.0182404201475 1722.017108634421 656.528348749803 1718.0514524515218 649.795520495086 1718.5165687305916 644.6792414253184 1720.8421501259404 635.1443577043882 1725.260754777103 630.9583111927603 1729.4468012887312 627.0048228206673 1732.0049408236148 618.4001716578765 1737.3537780329173 614.2141251462486 1740.3770338468707 609.562962355551 1737.586336172452 608.1676135183417 1735.725871056173 604.9117995648533 1735.260754777103 599.0978460764811 1735.260754777103 591.6559856113648 1733.4002896608242 591.42342747183 1731.5398245445451 590.9583111927602 1730.8421501259404 588.6327297974113 1732.0049408236148 584.6792414253183 1732.7026152422195 580.0280786346207 1734.3305222189638 576.3071484020625 1739.2142431491961 572.5862181695044 1743.632847800359 571.42342747183 1748.9816850096613 572.1211018904346 1756.8886617538474 577.237380960202 1759.679359428266 582.3536600299695 1760.8421501259404 587.237380960202 1759.911917567801 591.42342747183 1758.051452451522 593.5164507276439 1756.1909873352429 594.9117995648533 1757.1212198933822 601.8885437508998 1761.8273940096024 599.7071639577905 1768.5581632403714 600.4763947270212 1772.9812401634485 602.0148562654828 1776.0581632403716 605.2840870347136 1778.7990404887794 622.971798600383 1784.7120093942176 633.745625496252 1789.3273940096021 647.9763947270213 1792.9812401634485 662.3994716500985 1793.2992768273543 665.2163678161218 1799.1388305998137 666.9117221371583 1800.6094188351078 675.1470162548054 1832.080007070402 672.499957431276 1832.6682423645198 683.9705456665702 1825.9035364821666 684.8528986077466 1830.0211835409903 690.1470162548054 1831.7858894233432 694.5587809606878 1832.6682423645198 707.2058397842172
-1 369 295.9090014265431 395.795080493643 293.9090014265431 306.19508049364305 327.50900142654314 306.5950804936431 327.50900142654314 395.795080493643
-1 369 1072.662301915548 193.72964048150203 933.3765876298337 199.80106905293061 932.662301915548 168.01535476721634 1070.5194447726908 164.08678333864492
-1 369 1284.171112353141 249.07236464044075 1269.3324026757218 250.36268722108593 1267.7194994499152 245.84655818882786 1191.2665165130604 210.02350499196052 1160.9732532912503 196.00721902366035 1100.162301915548 197.30106905293061 1097.3919944351392 166.55065602039173 1078.0165165130607 161.52350499196055 1045.0165165130607 156.27350499196055 993.5165165130607 157.02350499196055 925.6772374491073 160.50244237985558 925.2767433620265 220.17606135488708 884.3090014265426 218.88573877424193 879.1477111039621 124.69219038714519 925.9219046523492 124.04702909682261 925.7107024059342 155.51616381265254 1004.1913698022413 152.5492096068494 1055.0021806130521 152.5492096068494 1085.0021806130521 156.0627231203629 1096.8450650807792 160.47974018699597 1096.5908733441195 157.65821191007348 1163.0194447726908 156.58678333864492 1166.386886798585 187.4550019093414 1260.9453059015282 233.26591302753752 1266.7517575144313 235.20139689850527 1269.654983320883 231.6530098017311 1274.4936929983023 230.68526786624722 1282.2356284821733 231.6530098017311
-1 369 1311.4411672075935 655.1142223051534 1288.7138944803207 657.3869495778806 1292.8048035712297 649.2051313960624 1288.7138944803207 456.93240412333535 1279.1684399348667 332.8414950324263 1272.2507443422608 275.7857193046492 1286.8453389368553 274.43436795329785 1296.022934124887 374.0805586004373 1302.8086484106013 476.58055860043726
-1 369 1739.985130684445 413.95819256389694 1704.985130684445 417.78172197566164 1691.4557189197392 299.2523102109558 1723.5624220661146 299.60114742025814
-1 369 1779.3763755544865 417.27556602490927 1751.4693988103006 416.57789160630466 1745.8522252861496 334.2880883862688 1773.5624220661146 333.787193931886
6 455 1830.070264801695 986.0506037927917 1919.5661773371928 909.5791862298416 1920 947.6295511612127 1920 1004.9979722138444
11 41 0 696.8415589182995 41.44047814709964 686.8415589182995 77.65669436331584 690.8956129723535 0 712.5172345939752 0 754.4142063086258 120.05467720194024 722.3330342339572 253.99727849540162 686.5407124321472 253.99727849540162 683.2335059138903 263.0670459372621 679.2800175417973 260.2205964728631 668.9867497551711 248.07773933000598 674.343892612314 227.72059647286315 678.6296068980282 210.93488218714887 679.343892612314 188.07773933000598 682.5581783265997 155.22059647286315 678.9867497551711 135.57773933000604 673.9867497551711 130.22059647286315 668.6296068980282 124.86345361572032 636.1296068980282 125.57773933000604 601.843892612314 127.00631075857743 596.1296068980282 132.72059647286315 590.7724640408854 139.1491679014346 588.2724640408854 149.1491679014346 584.7010354694569 150.24948309494403 584.3785292920489 0 599.086431663915 0 643.8471879574024 103.87291057953203 656.5712886480292 93.06209976872125 660.8956129723535 0 648.4631805399212
6 464 0 696.8415589182995 41.44047814709964 686.8415589182995 77.65669436331584 690.8956129723535 0 712.5172345939752
6 465 0 643.8471879574024 103.87291057953203 656.5712886480292 93.06209976872125 660.8956129723535 0 648.4631805399212