7 359 158.75500998434208 243.65184533343503 147.30196316515867 245.94245469727173 119.62457520173328 251.4779322899568 118.32022737564634 251.91271489865244 87.8854447669506 261.0431496812612 59.18979259303748 272.7822801160438 34.40718389738524 286.6953235943047 7.450662158254744 304.9561931595222 0 313.21706272473955 0 319.3040192464787 34.841966506080894 292.78228011604386 35.27674911477655 299.7388018551743 40.92892302782005 299.3040192464787 40.059357810428736 288.869236637783 88.32022737564628 265.3909757682177 87.8854447669506 285.8257583769134 93.97240128868972 285.8257583769134 97.01587954955934 264.95619315952206 108.32022737564628 262.7822801160438 126.58109694086372 259.7388018551742 127.0158795495594 254.52141055082637 146.46742695225797 251.36053409788786 161.79848824521164 248.86923663778288
7 360 1516.394701808657 239.0307813978937 1522.710491282341 236.92551823999895 1524.2894386507623 253.2413077136832 1526.394701808657 257.4518340294727 1542.1841754928676 440.6097287663153 1532.1841754928673 443.2413077136837 1532.1841754928673 428.5044656084205 1533.7631228612886 423.7676235031573 1522.710491282341 299.5570971873675
7 361 1392.126531382591 298.19348595340034 1388.4423208562753 293.9829596376108 1387.9160050668015 285.56190700603184 1390.5475840141698 281.87769647971606 1398.968636645749 279.2461175323476 1403.1791629615384 280.82506490076867 1404.7581103299594 290.298749111295 1403.7054787510122 298.719801742874 1400.54758401417 303.45664384813716 1408.4423208562753 303.45664384813716 1416.3370576983805 306.0882227955056 1416.8633734878542 316.0882227955056 1414.7581103299594 320.8250649007688 1414.7581103299594 331.35138069024254 1407.3896892773278 332.9303280586636 1406.8633734878542 343.4566438481373 1412.126531382591 399.24611753234797 1422.126531382591 531.8776964797167 1414.7581103299594 532.9303280586641 1398.4423208562753 347.14085437445306 1395.2844261194332 337.6671701639267 1382.6528471720646 333.9829596376109 1379.4949524352226 321.3513806902425 1379.4949524352226 313.98295963761086 1379.4949524352226 313.98295963761086 1383.1791629615384 310.8250649007688 1388.968636645749 310.8250649007688 1393.7054787510122 310.2987491112951 1393.7054787510122 304.5092754270845
7 362 1415.7979771538826 549.4577311251543 1423.1663982065143 548.4050995462069 1426.85060873283 608.4050995462071 1416.3242929433563 608.4050995462071 1414.7453455749353 556.2998363883122
7 363 1267.99357879295 395.7150196355273 1270.175059390116 395.6342240578545 1277.3039236205364 395.3701920493204 1277.3039236205364 398.4736403251825 1270.285327983022 398.4736403251825 1268.338406379157 398.4736403251825
7 364 1291.9662799423759 390.5112578800414 1318.0268860029819 389.6021669709505 1318.3299163060121 389.6021669709505 1336.8147647908609 399.2991366679202 1351.6632496393456 408.087015455799 1360.4022525718967 412.75954722510505 1361.8250400325678 413.4017689684237 1363.6591160067353 414.2296392597131 1361.89074402394 414.2296392597131 1356.3514236990432 414.2296392597131 1317.8898852375046 394.22963925971305 1291.351423699043 394.9988700289438
7 365 1370.7142678597138 356.6652988497204 1364.4179715634173 350.73937292379446 1357.0105641560099 350.3690025534241 1353.6772308226766 351.4801136645352 1350.7142678597136 354.44307662749816 1350.7142678597136 358.51715070157223 1351.4550086004544 364.4430766274982 1356.6401937856394 369.6282618126834 1355.1587123041581 374.8134469978686 1355.8994530448988 379.6282618126834 1359.232786378232 380.7393729237945 1361.8250400325678 413.4017689684237 1363.6591160067353 414.2296392597131 1361.89074402394 414.2296392597131 1364.7883419337877 450.7393729237947 1368.4920456374914 450.7393729237947 1363.3068604523062 381.85048403490566 1366.6401937856397 381.4801136645353 1369.973527118973 375.55418773860936 1368.1216752671212 370.7393729237945 1368.8624160078618 367.40603959046115
7 366 1288.7343674059002 442.8275277641237 1290.5200816916145 481.7560991926952 1291.2343674059002 502.82752776412383 1294.091510263043 536.3989563355525 1298.3772245487573 536.3989563355525 1296.1636337870418 502.75237675747724 1294.8057959773287 482.11324204983805 1292.6629388344716 448.89895633555227 1292.3057959773287 443.89895633555227 1308.0200816916145 443.18467062126655 1307.9202744000254 442.53592322593727 1307.3057959773287 438.5418134784094 1300.1629388344716 437.4703849069808 1287.6629388344716 439.613242049838
7 367 915.1330533555303 472.743838064679 915.9262273426965 472.76334234305193 957.2020188727718 473.7783208232997 957.2020188727718 476.53694151295485 915.7881688364805 476.53694151295485 914.7882257693234 476.53694151295485
7 368 973.7537430107028 479.9852173750238 982.3744326658752 484.1231484095066 982.7192602520821 484.4679759957135 1002.0296050796684 492.74383806467904 1001.6847774934615 489.64038978881695 1006.512363700358 489.98521737502386 1012.3744326658752 603.0886656508861 1007.5468464589787 602.7438380646793 1007.3102797519514 595.9821261635614 1006.371732179936 569.1559156320527 1003.904931620943 498.64812987038914 999.965537681549 495.9208571431164 974.5109922270035 482.587523809783
7 369 805.9857944362883 455.3644540485182 809.7788978845642 455.0196264623113 810.5050714000961 519.252884209411 811.7492333237625 521.5068522838554 814.8884781570919 521.8717259022112 813.725794073192 527.3841802457864 809.4340702983573 527.7782471519666 806.3306220224952 527.7782471519666 806.9019603573715 515.2219243940597
7 370 521.235875889068 533.1943012073012 521.2393095726932 533.2606857573879 522.4123244198072 555.9389728015929 522.485875889068 557.360967873968 526.6525425557346 556.9443012073014 526.6704948486937 555.9389728015929 527.0619090208758 534.019779159392 527.0692092224012 533.610967873968 521.6232400677911 533.22197007721
7 371 407.94374024693195 421.2816749446748 407.14374024693194 412.4816749446748 407.14374024693194 412.08167494467483 409.543740246932 406.8816749446748 413.543740246932 404.0816749446748 417.14374024693194 408.8816749446748 419.14374024693194 412.08167494467483 419.543740246932 419.2816749446748 418.74374024693196 423.2816749446748 415.14374024693194 427.68167494467485 413.94374024693195 433.68167494467485 412.7437402469319 454.0816749446749 414.34374024693193 514.081674944675 418.34374024693193 578.4816749446752 419.543740246932 598.8816749446752 422.74374024693196 601.6816749446753 422.9404209347025 603.0584397590688 423.543740246932 607.2816749446752 407.5437402469319 608.0816749446752 408.06322277985964 604.4452972141813 408.34374024693193 602.4816749446752 411.14374024693194 593.2816749446752 412.7437402469319 583.2816749446752 409.94374024693195 498.081674944675 408.7437402469319 431.68167494467485 407.94374024693195 427.68167494467485
7 372 66.48259398292163 639.9589262620564 66.3333458975774 606.2344692137628 65.79108507230512 483.70390630108614 64.7823759576242 457.42243213434483 69.78237595762425 456.96788667979934 70.26676676721642 514.3681976164737 70.69146686671513 564.6951594070724 72.64573930792336 606.2474576775702 74.20986671019438 639.5043808075109
1 373 1813.0231071476687 719.7045440712558 1807.0231071476687 690.3712107379224 1764.356440481002 670.3712107379223 1712.3564404810018 636.3712107379222 1687.6897738143352 621.0378774045888 1667.0342824445 613.8716865211766 1655.0231071476683 609.7045440712554 1631.0231071476683 605.0378774045888 1616.8624137322336 604.494530435017 1608.3466365594331 604.1677793653735 1504.2289895006093 602.9913087771381 1447.758401265315 608.8736617183147 1423.0525189123737 616.5207205418441 1401.2878130300205 629.4618970124322 1392.416915545153 639.3184497733964 1390.699577735903 641.2266028947853 1377.170165971197 655.3442499536088 1371.2878130300205 660.6383676006677 1353.0525189123734 661.814838188903 1348.9348718535498 665.3442499536088 1346.5819306770793 673.579544071256 1346.5819306770793 679.4618970124325 1328.9348718535498 681.2266028947854 1320.111342441785 695.344249953609 1310.111342441785 715.344249953609 1307.7584012653144 728.2854264241973 1307.822779271636 729.7661205695917 1308.9348718535498 755.3442499536092 1309.5231071476674 777.1089558359622 1315.1409867091998 792.2340161939337 1317.1701659711969 797.6971911300799 1343.4891446445195 812.7669546320636 1479.0231071476678 890.3712107379231 1525.0231071476678 909.7045440712565 1577.023107147668 921.7045440712565 1615.6897738143348 921.7045440712565 1675.689773814335 915.7045440712565 1794.3564404810022 881.7045440712564 1804.3564404810022 867.0378774045896 1807.1575211437962 837.0663143126942 1808.4305001728783 823.4454387015145 1811.0231071476687 795.7045440712561 1811.1964270390743 784.9587108041175 1811.6897738143355 754.3712107379226
1 374 1392.416915545153 639.3184497733964 1380.6123928619538 623.5790861957977 1366.1123928619538 613.5790861957977 1344.1123928619538 598.5790861957977 1338.6123928619538 593.5790861957976 1309.6123928619536 591.0790861957976 1263.1123928619536 589.0790861957976 1228.1123928619536 592.5790861957976 1215.6123928619534 596.5790861957977 1214.4586686422695 597.9103064492791 1209.1123928619534 604.0790861957977 1203.1123928619534 612.5790861957977 1199.6123928619534 626.5790861957978 1194.1123928619534 626.5790861957978 1193.6123928619534 616.0790861957977 1183.6123928619534 618.5790861957977 1177.1123928619534 623.5790861957977 1181.6123928619534 627.5790861957978 1186.1123928619534 629.0790861957978 1193.1123928619534 630.5790861957978 1183.6123928619534 634.5790861957978 1179.1123928619534 645.0790861957978 1176.6123928619534 658.5790861957978 1175.1123928619534 680.5790861957979 1175.143970588305 681.2264295860045 1176.1123928619534 701.0790861957979 1208.8694046545058 714.7835503130902 1221.9442608489096 720.2536432107489 1225.1123928619536 721.579086195798 1233.6123928619536 726.079086195798 1256.6123928619536 728.579086195798 1280.1123928619536 729.079086195798 1307.822779271636 729.7661205695917 1307.7584012653144 728.2854264241973 1310.111342441785 715.344249953609 1320.111342441785 695.344249953609 1328.9348718535498 681.2266028947854 1346.5819306770793 679.4618970124325 1346.5819306770793 673.579544071256 1348.9348718535498 665.3442499536088 1353.0525189123734 661.814838188903 1371.2878130300205 660.6383676006677 1377.170165971197 655.3442499536088 1390.699577735903 641.2266028947853
1 375 1209.1123928619534 604.0790861957977 1203.1123928619534 612.5790861957977 1199.6123928619534 626.5790861957978 1194.1123928619534 626.5790861957978 1193.6123928619534 616.0790861957977 1183.6123928619534 618.5790861957977 1177.1123928619534 623.5790861957977 1181.6123928619534 627.5790861957978 1186.1123928619534 629.0790861957978 1193.1123928619534 630.5790861957978 1183.6123928619534 634.5790861957978 1179.1123928619534 645.0790861957978 1176.6123928619534 658.5790861957978 1175.1123928619534 680.5790861957979 1175.143970588305 681.2264295860045 1145.2868948305725 681.8662240665274 1120.2868948305725 681.4116786119819 1107.5596221032997 679.1389513392546 1090.4366602940897 673.3699429568568 1089.3726220127896 669.1157373340599 1088.710038270066 666.4666150859166 1088.014167557845 663.6844058847091 1087.9219399278477 657.2284717849063 1087.7941989825022 648.286605610707 1087.7009418100652 641.7586035401233 1087.6345513514536 637.1112714373174 1087.571991560048 632.7320860389134 1087.5596221032997 631.8662240665273 1087.7944657932353 622.2376327791667 1088.014167557845 613.2298604301635 1091.062295900091 608.1763844943347 1095.1799429589146 604.0587374355111 1096.968696477239 599.4079782878673 1098.1211194295029 596.4116786119816 1106.0101730000047 592.2041833743807 1106.9446488412675 591.7057962590405 1108.7093547236204 585.8234433178641 1113.4152370765617 575.823443317864 1131.6505311942087 572.8822668472758 1198.7093547236207 576.4116786119816 1207.5328841353853 584.6469727296287 1211.650531194209 592.2940315531582 1214.4586686422695 597.9103064492791
1 376 1005.1137346574118 652.2341894344926 1004.6247725857664 648.3926895200758 1003.7427327738392 641.4629989397216 1003.4055849875047 638.8142184566225 1002.87243782721 635.4244632079792 1002.8506535598924 635.2610812030972 1002.2565918002689 630.805618005921 998.4470679907452 622.2341894344925 996.0661156097927 615.5675227678257 990.8280203716974 609.3770465773496 996.3197712089335 608.0041088680406 998.4470679907452 607.4722846725876 997.9708775145547 601.7579989583019 996.4744128144833 600.4278081137941 993.6851632288403 597.9484751487781 985.1137346574118 599.3770465773496 983.1313330010969 591.757998958302 981.4646663344301 581.3413322916354 977.7146663344301 578.8413322916354 971.8813330010969 576.757998958302 958.9232584669355 576.5199037202067 933.2089727526497 576.996094196397 931.3042108478878 576.996094196397 907.9708775145543 577.4722846725875 893.2089727526495 578.4246656249685 891.3042108478877 589.8532370535399 888.9232584669353 596.0437132440162 884.6375441812211 599.3770465773496 875.5899251336019 600.3294275297305 870.3518298955066 604.6151418154448 868.9232584669353 611.2818084821115 879.3994489431257 612.710379910683 871.7804013240782 621.2818084821115 867.9708775145543 632.710379910683 867.9708775145543 637.8236250441694 867.9708775145543 641.7579989583021 867.8805208414233 642.4808523433502 867.0184965621734 649.3770465773497 867.9708775145543 657.4722846725878 869.3994489431257 671.7579989583021 869.5531574670302 672.526541577825 870.0307778649219 674.9146435672834 871.3042108478876 681.2818084821117 873.68516322884 686.5199037202069 883.6851632288401 689.8532370535403 989.8756394193165 689.8532370535403 996.5423060859832 689.3770465773498 1000.8280203716974 685.567522767826 1002.7327822764594 679.3770465773498 1003.4688882554124 670.9854384172855 1003.8432512521384 666.7177002546086
1 377 648.6646239126345 594.4176398550878 600.846479870323 594.6622610195102 595.4623125883297 595.7509574037707 591.2962028600027 596.5229030129825 589.1909397021079 596.5229030129825 571.2962028600026 598.6281661708772 565.7866889303782 604.8863938064483 565.7866889303782 604.8863938064483 555.5067291757921 614.4176398550878 549.7172554915816 621.7860609077195 543.4014660178973 628.6281661708773 542.2681933940285 629.5995427056221 532.3488344389499 638.1018503814037 517.085676544213 644.4176398550879 513.5001897093778 651.947162208242 511.8225186494762 655.4702714340353 511.32369545056673 658.1639167081464 511.1055729361605 659.34177828594 509.19093970210776 669.6807977498248 509.23249262098443 670.4287502896054 510.24357128105515 688.6281661708775 510.76988707052885 707.0492188024566 511.74407613885853 713.2190829018781 512.3488344389499 717.0492188024566 513.6965089622654 721.2847673043053 516.0330449652656 728.6281661708776 522.8751502284235 738.6281661708776 532.8751502284236 743.8913240656145 548.7797796867789 745.2568730595137 580.5313628079637 747.98301908507 592.3724103692418 748.9996746837656 627.9844330219386 752.0572725882901 637.0856765442134 752.8386924866672 640.1534082518629 752.5598077859718 672.195369055232 749.6469022583927 677.6119923336872 749.1544819603514 688.6646239126346 746.522903012983 707.0856765442136 741.2597451182461 752.8751502284242 707.0492188024566 754.980413386319 677.0492188024564 755.0111157901739 675.6983130328409 755.0435468184039 674.2713477907193 755.1721402288695 668.6132377302358 755.5067291757927 653.8913240656143 754.980413386319 644.9439556445616 745.5067291757927 642.3123766971931 740.7698870705295 641.7860609077195 734.9804133863189 636.5229030129826 743.9277818073716 632.3123766971931 732.3488344389506 622.3123766971931 726.0330449652663 622.8386924866668 715.5067291757925 619.6807977498247 704.2529034080177 607.4891531680686 702.8751502284241 605.9965872235089 692.3488344389505 595.9965872235089 671.028870467538 595.2259861161084 659.3118240734367 594.8024784151169
1 378 812.1918510714406 602.9416046244086 805.3736692532589 603.8506955334994 810.3580869558768 613.8195309387352 811.178852689281 615.4610624055434 811.7373056168954 616.5779682607722 811.2827601623499 627.4870591698632 810.0132592036235 637.2198998534305 809.9191237987134 637.9416046244087 809.9191237987134 642.1741782849232 809.9191237987134 656.5779682607724 808.5554874350771 660.2143318971359 799.4645783441679 671.5779682607724 786.151871982046 673.5748742150906 772.1918510714406 675.6688773516814 755.237539307414 676.5285325960548 755.2062051384262 676.5301213708203 755.2056959089391 676.4117734683136 755.1964713148965 674.2679240168482 755.1721402288695 668.6132377302358 755.5067291757927 653.8913240656143 754.980413386319 644.9439556445616 745.5067291757927 642.3123766971931 740.7698870705295 641.7860609077195 734.9804133863189 636.5229030129826 743.9277818073716 632.3123766971931 732.3488344389506 622.3123766971931 726.0330449652663 622.8386924866668 715.5067291757925 619.6807977498247 704.2529034080177 607.4891531680686 705.3087341883233 606.7078383906423 706.0230199026091 594.5649812477851 711.7373056168947 585.9935526763566 717.6463965259859 578.396150078954 731.2827601623496 575.6688773516812 778.1009419805316 574.7597864425903 789.0100328896224 580.2143318971358 794.0100328896226 587.9416046244086 795.6375336818973 589.9759806147518 801.2827601623499 597.0325137153177 807.6463965259861 596.1234228062267 813.5554874350771 598.396150078954
1 379 0 738.2077760175159 17.193909061093066 738.8616227941824 23.90594704598209 739.1168669266068 58.451401591436706 747.2986851084249 135.7241288641644 766.3895941993342 155.7241288641644 795.4805032902434 167.48917311045707 832.7364767368366 170.24406124511972 841.4602891632683 172.0877652278009 847.2986851084254 172.0877652278009 860.0259578356984 178.4514015914374 872.7532305629712 193.90594704598288 884.5714123811531 206.63321977325563 936.3895941993351 205.72412886416475 1015.4805032902445 199.36049250052838 1080 0 1080
1 380 366.14212753216407 587.4929075526467 349.89212753216407 587.4929075526467 348.64212753216395 587.4929075526467 344.4878643829348 587.9301984104603 336.76712753216395 588.7429075526467 323.01712753216395 590.6179075526467 313.5143886338189 592.0798673831613 307.0846050302946 593.0690648606266 306.76712753216384 593.1179075526467 306.26861354477376 593.6787357884605 301.76712753216384 598.7429075526467 291.14212753216384 605.6179075526468 275.51712753216384 611.2429075526468 268.6421275321637 618.7429075526468 265.5171275321637 624.9929075526468 266.1421275321637 638.1179075526468 267.24843218596214 646.415192456135 267.3921275321637 647.4929075526468 268.16019991434626 649.157064380709 270.6567496416043 654.5662554564348 271.1421275321637 655.6179075526469 287.39212753216384 658.1179075526469 322.9189875199192 656.595327838886 331.14212753216395 656.2429075526469 397.4507415939521 653.0395937757814 401.7671275321642 649.3679075526468 402.181108030996 647.3808011582543 404.8921275321642 634.3679075526468 404.8921275321642 611.2429075526468 401.78590902117526 605.0304705306688 399.8921275321642 601.2429075526467 390.5171275321642 596.2429075526467 379.89212753216407 589.9929075526467 371.76712753216407 588.7429075526467
2 381 1667.0342824445 613.8716865211766 1655.0231071476683 609.7045440712554 1631.0231071476683 605.0378774045888 1616.8624137322336 604.494530435017 1617.6447710239431 602.636431867207 1619.4094769062963 584.4011377495599 1622.9388886710021 570.2834906907362 1624.7035945533548 560.2834906907362 1629.9977122004138 556.7540789260304 1635.8800651415904 556.7540789260304 1634.1153592592373 549.1070201025009 1634.7035945533548 541.4599612789715 1641.174182788649 537.9305495142655 1647.0565357298256 537.9305495142655 1652.9388886710021 543.8129024554421 1655.8800651415904 549.1070201025009 1658.8212416121787 557.9305495142656 1665.2918298474729 563.2246671613245 1671.1741827886492 575.577608337795
2 382 546.2588103990331 621.8010417671103 542.4657069507572 623.1803521119379 542.2681933940285 629.5995427056221 532.3488344389499 638.1018503814037 517.085676544213 644.4176398550879 513.5001897093778 651.947162208242 513.5001897093778 605.2493176291791 511.1548512674875 599.4159842958459 509.4881846008209 589.8326509625125 501.43122419213637 589.7320762498688 502.46570695075707 585.938972801593 504.53467246799846 581.1113865946963 508.32777591627433 575.2493176291791 511.7760517783433 573.1803521119377 517.578993664044 571.5562865223549 517.1244482094985 565.6471956132639 517.578993664044 562.4653774314457 519.362258674895 559.3872486636619 522.1208793645502 555.9389728015929 522.4123244198072 555.9389728015929 522.485875889068 557.360967873968 526.6525425557346 556.9443012073014 526.6704948486937 555.9389728015929 526.9484655714468 555.9389728015929 530.7415690197226 559.3872486636619 532.810534536964 565.2493176291791 533.8450172955847 571.8010417671102 533.8450172955847 575.594145215386 536.9484655714468 581.1113865946963 544.8795000542054 594.5596624567654 545.2314866327541 612.688949191209
4 383 170.60814041040373 229.54550918272304 150.01990511628605 230.72197977095834 147.30196316515867 245.94245469727173 158.75500998434208 243.65184533343503 161.79848824521164 248.86923663778288 146.46742695225797 251.36053409788786 140.60814041040368 291.31021506507614 141.78461099863898 300.72197977095857 161.19637570452136 294.2513915356644 161.78461099863904 278.9572738886055 166.4904933515802 273.07492094742906 165.3140227633449 259.5455091827231 168.25519923393318 253.074920947429
4 384 916.1500022499026 466.64682821275164 906.1500022499026 466.64682821275164 905.4357165356168 471.2896853556088 905.4357165356168 495.57539964132314 915.0785736784741 495.932542498466 915.7881688364805 476.53694151295485 914.7882257693234 476.53694151295485 915.1330533555303 472.743838064679 915.9262273426965 472.76334234305193
4 385 1190.2666182426058 492.1852768816354 1189.4008706266056 492.0890827020798 1179.8820028579903 491.03143072778926 1181.0358490118365 526.4160461124047 1189.9817747179682 526.0719720467843 1191.0358490118365 526.0314307277894
7 386 1192.9235431575958 478.00413544242946 1190.3428979963055 478.32671608759074 1189.3751560608216 490.58478060371976 1189.4008706266056 492.0890827020798 1190.2666182426058 492.1852768816354 1191.0358490118365 526.0314307277894 1189.9817747179682 526.0719720467843 1190.0203173511443 528.3267160875909 1193.2461238027572 528.6492967327521
5 387 774.4611698582166 543.6857042613572 789.6224601807972 544.0082849065184 789.6224601807972 560.137317164583 774.7837505033779 559.8147365194217
5 389 544.1426678189127 534.019779159392 543.4530126464989 487.1232274352539 526.0714489854377 487.440807593136 526.0714489854377 487.440807593136 516.9201671144971 487.6593285535114 501.72887471546437 488.8473653662884 503.4530126464989 535.0542619180126 521.2393095726932 533.2606857573879 521.235875889068 533.1943012073012 521.6232400677911 533.22197007721 526.9012885085679 534.019779159392 527.0619090208758 534.019779159392
1 390 648.6646239126345 594.4176398550878 600.846479870323 594.6622610195102 600.9316273315574 574.7802452092333 599.7777811777113 559.0110144400026 600.4154530890709 559.0641537659492 622.8547042546345 560.9340913630795 659.0085504084807 559.3956298246179 659.0085504084807 559.3956298246179 658.346479870323 575.4955943528435 659.3118240734367 594.8024784151169
7 391 600.846479870323 594.6622610195102 595.4623125883297 595.7509574037707 595.7556661166301 572.9967386340345 596.5337411597584 512.6446786019274 600.4623125883298 511.57325003049885 600.1051697311871 558.3589643162132 600.4154530890709 559.0641537659492 599.7777811777113 559.0110144400026 600.9316273315574 574.7802452092333
1 392 595.7556661166301 572.9967386340345 578.9453096200335 572.9967386340345 578.5453096200334 573.3967386340345 572.1453096200335 576.5967386340345 570.5453096200334 582.9967386340345 562.9453096200334 587.7967386340346 561.3453096200335 590.5967386340345 560.2694475510677 604.1967386340345 565.7866889303782 604.8863938064483 571.2962028600026 598.6281661708772 589.1909397021079 596.5229030129825 591.2962028600027 596.5229030129825 595.4623125883297 595.7509574037707
1 393 913.1122038008718 545.5142063986543 913.0497371985656 544.2856965532974 911.8622038008718 520.9308730653211 818.1122038008716 537.1808730653211 816.445537134205 542.1808730653211 805.6122038008716 543.0142063986543 805.0524917737678 533.4431072079899 716.7191584404342 553.8597738746566 708.3858251071008 540.5264405413232 693.3858251071008 540.9431072079899 688.8024917737675 555.9431072079899 680.0524917737674 556.3597738746566 679.2003346716106 566.3489680138505 678.128906100182 566.3489680138505 665.628906100182 565.9918251567076 671.028870467538 590.5142063986546 671.028870467538 595.2259861161084 692.3488344389505 595.9965872235089 702.8751502284241 605.9965872235089 704.2529034080177 607.4891531680686 705.3087341883233 606.7078383906423 706.0230199026091 594.5649812477851 711.7373056168947 585.9935526763566 717.6463965259859 578.396150078954 731.2827601623496 575.6688773516812 778.1009419805316 574.7597864425903 789.0100328896224 580.2143318971358 794.0100328896226 587.9416046244086 795.6375336818973 589.9759806147518 800.6122038008716 589.6808730653212 798.9455371342049 581.3475397319878 808.1122038008716 580.9308730653211 809.3622038008716 591.7642063986546 821.8622038008716 590.5142063986546 828.9455371342051 578.4308730653211 837.6955371342051 572.1808730653211 847.5691898683037 569.8800714016712 863.93282623194 564.4255259471257 868.5288704675385 555.5142063986544 881.0288704675385 551.7642063986544 897.6955371342052 549.2642063986543 904.3622038008718 547.1808730653211
-1 393 789.6224601807972 560.137317164583 774.7837505033779 559.8147365194217 774.4611698582166 543.6857042613572 789.6224601807972 544.0082849065184
1 394 978.2047963934646 525.6067989912469 977.4640556527238 510.05124343569133 967.4640556527238 509.68087306532095 948.2047963934644 510.4216138060617 925.2418334305015 519.680873065321 925.9825741712423 540.4216138060617 931.9266870289822 539.7755145823944 943.0196112082793 538.56976195421 954.5010926897608 534.8660582505062 955.2418334305016 530.4216138060617 962.649240837909 529.3105026949506 969.3159075045756 528.5697619542099 977.2966635323023 525.9095099449677
2 395 1113.550344497989 523.6275308263051 1115.550344497989 520.8275308263051 1118.3503444979892 519.627530826305 1118.3503444979892 519.627530826305 1121.550344497989 520.0275308263051 1122.3503444979892 525.627530826305 1120.750344497989 531.2275308263052 1120.3503444979892 541.6275308263051 1112.3503444979892 540.0275308263051 1111.1503444979892 534.8275308263051 1110.750344497989 530.8275308263051 1110.750344497989 530.8275308263051 1110.750344497989 530.8275308263051
2 396 1098.1211194295029 596.4116786119816 1096.674507890215 593.8183951344106 1096.9775381932454 589.2729405889561 1095.462386678094 582.0002133162288 1096.674507890215 577.4547587707742 1096.9775381932454 573.21233452835 1098.492689708397 572.3032436192591 1101.2199624356697 572.3032436192591 1103.644204859912 573.21233452835 1103.644204859912 575.9396072556227 1104.553295769003 578.3638496798652 1106.0101730000047 592.2041833743807
4 397 1255.2674089183924 429.7830577443043 1255.684075585059 386.44972441097093 1269.8507422517257 387.2830577443043 1270.175059390116 395.6342240578545 1267.99357879295 395.7150196355273 1268.338406379157 398.4736403251825 1270.285327983022 398.4736403251825 1271.5174089183924 430.199724410971
4 398 1311.2369741357838 501.6961012225653 1310.3674089183924 444.98305774430435 1307.9202744000254 442.53592322593727 1308.0200816916145 443.18467062126655 1292.3057959773287 443.89895633555227 1292.6629388344716 448.89895633555227 1294.8057959773287 482.11324204983805 1296.1636337870418 502.75237675747724
6 399 828.3629029609316 674.5279777369964 835.9630569123514 674.8696194030052 820.2624785049586 690.299948639712 813.8988421413223 688.9363122760757 817.9897512322314 681.6635850033484
6 400 786.0021359489639 726.6302516700152 775.2021359489638 740.6302516700152 765.2021359489638 754.2302516700153 762.8021359489638 763.0302516700153 743.2021359489638 760.2302516700153 744.0021359489638 755.8302516700153 776.4021359489639 725.4302516700152 778.4021359489639 718.6302516700152 782.4021359489639 719.0302516700152 785.3214597060858 722.3223507246664 790.802135948964 721.8302516700153 790.802135948964 722.2302516700153
6 401 582.0499560978951 932.6848165612041 611.4944005423397 932.6848165612041 495.38328943122826 1077.129261005649 454.27217832011706 1073.24037211676 554.2721783201173 960.462594338982
6 402 1557.0860180751356 1080 1554.8132908024081 1072.2269135680845 1488.9041998933171 1020.8632772044481 1253.904199893317 834.9541862953567 1105.7223817114987 714.4996408408111 1042.5251517862139 669.6459988393425 1030.2678362569527 669.9541862953563 1030.7223817114982 669.9541862953563 1145.267836256953 765.8632772044473 1282.0860180751351 894.4996408408111 1433.4496544387719 1024.954186295357 1498.9041998933171 1080
6 403 513.6965089622654 721.2847673043053 512.3488344389499 717.0492188024566 511.74407613885853 713.2190829018781 183.76733632688342 825.7601210726539 167.48917311045707 832.7364767368366 170.24406124511972 841.4602891632683
6 404 1807.1575211437962 837.0663143126942 1808.4305001728783 823.4454387015145 1920 856.5209990835316 1920 866.5209990835317
6 405 826.1746311912498 606.8945464797357 819.5079645245831 606.1253157105049 810.3580869558768 613.8195309387352 811.178852689281 615.4610624055434 818.2259132425319 615.0996746848639
6 406 856.1746311912498 609.9714695566588 854.1233491399678 613.0483926335818 847.7130927297113 615.6124951976844 836.43104144766 614.8432644284536 845.1489901656088 605.3560849412742 857.7130927297114 605.0996746848639
6 407 867.9708775145543 641.7579989583021 867.9708775145543 637.8236250441694 810.0132592036235 637.2198998534305 809.9191237987134 637.9416046244087 809.9191237987134 642.1741782849232 867.8805208414233 642.4808523433502
6 408 754.6245021369635 674.280729637736 755.0435468184039 674.2713477907193 755.1964713148965 674.2679240168482 786.151871982046 673.5748742150906 847.3740679915834 672.2041915589751 869.5531574670302 672.526541577825 873.1351404348359 672.5786019781616 873.3479063922828 674.9190275100765 870.0307778649219 674.9146435672834 835.9630569123514 674.8696194030052 828.3629029609316 674.5279777369964 821.0074808603679 674.7062615526297 755.2628000093039 676.6211551696509 755.237539307414 676.5285325960548 755.2056959089391 676.4117734683136 755.0111157901739 675.6983130328409
6 409 1002.7581336294941 666.7209106617762 1003.8432512521384 666.7177002546086 1088.710038270066 666.4666150859166 1091.7055020505468 666.4577527670394 1091.7055020505468 669.0893317144078 1089.3726220127896 669.1157373340599 1042.5251517862139 669.6459988393425 1030.2678362569527 669.9541862953563 1003.5476073137047 671.4577527670394 1003.4688882554124 670.9854384172855
6 410 1087.6345513514536 637.1112714373174 1087.571991560048 632.7320860389134 1002.8506535598924 635.2610812030972 1002.87243782721 635.4244632079792 1003.4055849875047 638.8142184566225 1055.2730116249134 637.7655592672227 1084.119517106237 637.1823386407873
6 411 844.3042058247376 647.4608840349445 862.8756343961661 651.7465983206587 862.8756343961661 652.1037411778016 852.1613486818803 669.2465983206587 824.6613486818803 667.8180268920873 832.1613486818803 655.6751697492301 840.732777253309 647.4608840349445
6 412 1043.5228454781616 661.4886463290107 1015.0043269596431 639.6367944771589 1003.7427327738392 641.4629989397216 1004.6247725857664 648.3926895200758 1012.04136399668 662.9701278104923
6 413 1087.7941989825022 648.286605610707 1087.7009418100652 641.7586035401233 1084.119517106237 637.1823386407873 1055.2730116249134 637.7655592672227 1055.8393670688763 640.974906783013 1064.839367068876 648.0501756002174 1087.9219399278477 657.2284717849063 1088.4200122301668 657.4265196862389
6 414 0 716.3256657376508 14.006744840533933 714.4441197348841 130.27480292744212 698.8256657376508 131.27480292744212 698.8256657376508 145.27480292744212 698.8256657376508 144.27480292744212 703.8256657376508 97.61348164003383 709.3373466493317 14.921646752154693 721.4533664131236 0.1134816400336831 723.623060935046
6 415 38.383259366333164 655.5913606707373 210.0499260330002 642.258027337404 210.0499260330002 642.8135828929595 211.71659269966682 647.258027337404 67.82770381077768 658.9246940040707
6 416 0.049926032999735526 667.8135828929596 7.838742789335189 667.1898213892275 267.24843218596214 646.415192456135 272.21357758612555 646.0175625390444 272.21357758612555 648.8175625390445 268.16019991434626 649.157064380709 8.325664168734466 670.9202235424726 0 671.6175625390445
6 417 182.40303740167224 660.8464821701378 270.6567496416043 654.5662554564348 289.20303740167236 653.2464821701378 287.39212753216384 658.1179075526469 183.60303740167222 665.6464821701378
6 418 103.64121778442774 682.0872128234006 322.9189875199192 656.595327838886 402.181108030996 647.3808011582543 409.37650987066525 646.5443079910012 481.73645587966655 635.8967366329243 484.11740826061896 640.1824509186386 397.4507415939521 653.0395937757814 103.16502730823726 687.8014985376863
6 419 336.5231018423992 664.7269173218008 479.1601388794365 646.2083988032822 485.45643517573285 647.3195099143933 409.16013887943643 661.3935839884674 394.715694434992 664.7269173218008 338.04902776832523 668.060250655134
6 420 414.3269051031728 666.0839071744022 486.63228623706186 655.6628643062517 486.9208162848231 655.6212797941542 486.9757741606225 658.5825116565175 487.10468288095075 665.5283516188465 442.6602384365062 669.9727960632911 411.54912732539503 670.5283516188466
6 421 492.34016396551544 652.9547514176875 509.2966857046458 654.2590992437745 511.77795914196594 653.6212797941542 511.32369545056673 658.1639167081464 511.2065305705374 659.3355655084399 511.1055729361605 659.34177828594 492.63510199910877 660.4784226512971
10 422 567.3145870021241 739.9913027994725 548.7797796867789 745.2568730595137 515.549881119771 754.6971851524137 516.1381164138886 755.2854204465314 516.1607408482778 758.7922077768484 542.6992023867394 758.7922077768484 580.5313628079637 747.98301908507 593.8530485405856 744.1768231614637
10 423 640.3078995644022 741.4364332831428 640.1534082518629 752.5598077859718 639.9745662310688 765.4364332831428 671.9745662310688 765.1030999498096 672.195369055232 749.6469022583927 672.3078995644023 741.7697666164762
10 424 606.0925016270406 740.3019382578202 592.3724103692418 748.9996746837656 584.0128015251864 754.2991783811821 582.8363309369511 754.8874136752997 313.4245662310681 881.3580019105941 313.4245662310681 881.3580019105941 318.1304485840093 886.0638842635353 359.8951544663624 890.1815313223588 627.9844330219386 752.0572725882901 630.4833897604806 750.7697666164761
10 425 930.1660502372602 709.6958111601672 954.9938866795758 709.93756237292 1033.8024138736241 748.7867202510763 993.8024138736239 748.7867202510763 949.2569593281693 721.0594475238036 939.7115047827147 721.0594475238036 904.2569593281692 745.1503566147127 896.5296866008964 746.9685384328945 869.7115047827145 745.1503566147127 913.3478684190783 717.8776293419853
10 426 926.9842320554419 732.42308388744 958.4313866795758 729.0000623729198 961.8688866795758 736.1875623729198 975.1660502372602 789.241265705622 984.2569593281693 834.6958111601675 991.5296866008966 871.9685384328949 934.2569593281692 873.3321747965313 931.9842320554419 798.332174796531 929.9313726341613 757.2580121171051 924.7115047827147 741.0594475238037
10 427 1216.512380205882 710.7522690641481 1208.8694046545058 714.7835503130902 1205.0688575867493 716.7881457781654 1190.7229065216716 727.0680585378324 1189.1439591532505 733.3838480115166 1315.459748626935 813.3838480115169 1319.6702749427245 815.4891111694116 1343.4891446445195 812.7669546320636 1356.5123802058824 811.2785848536221 1348.6176433637772 801.8049006430957 1328.0913275743035 800.7522690641483 1316.5123802058824 793.9101638009904 1315.1409867091998 792.2340161939337 1302.3018538900928 776.5417427483588 1239.4505803482257 745.3625605360033 1222.3018538900926 728.1206901167798 1221.9442608489096 720.2536432107489 1221.775538100619 716.5417427483587
1 428 336.76712753216395 588.7429075526467 323.01712753216395 590.6179075526467 313.5143886338189 592.0798673831613 313.56798860560605 591.1796138865118 314.4589277751762 576.215592899852 320.089485676946 568.1434268829353 329.5833333333336 567.4419191919193 333.8764029861903 568.71274081358 336.4052751506303 574.4592163566194 338.89002890919437 588.4687719001055
1 429 307.0846050302946 593.0690648606266 306.76712753216384 593.1179075526467 306.26861354477376 593.6787357884605 287.42467642060353 594.197514671577 288.1347462266916 588.9227103977798 290.46815468147304 571.588819019403 292.6420677249513 568.1105581498377 298.2942416379948 566.3714277150551 299.5985894640818 565.5018624976638 307.42467642060353 566.3714277150551 307.1249452161755 589.9021191082802
11 430 306.26861354477376 593.6787357884605 287.42467642060353 594.197514671577 288.1347462266916 588.9227103977798 275.2565861067859 589.99278667843 272.8756337258335 606.6594533450967 72.64573930792336 606.2474576775702 74.20986671019438 639.5043808075109 66.48259398292163 639.9589262620564 66.3333458975774 606.2344692137628 41.44706229726148 606.1832628689062 0 607.1356438212872 0.049926032999735526 667.8135828929596 7.838742789335189 667.1898213892275 267.24843218596214 646.415192456135 266.1421275321637 638.1179075526468 265.5171275321637 624.9929075526468 268.6421275321637 618.7429075526468 275.51712753216384 611.2429075526468 291.14212753216384 605.6179075526468 301.76712753216384 598.7429075526467
-1 430 211.71659269966682 647.258027337404 67.82770381077768 658.9246940040707 38.383259366333164 655.5913606707373 210.0499260330002 642.258027337404 210.0499260330002 642.8135828929595
11 431 313.5143886338189 592.0798673831613 307.0846050302946 593.0690648606266 307.1249452161755 589.9021191082802 313.56798860560605 591.1796138865118
11 432 511.74407613885853 713.2190829018781 510.76988707052885 707.0492188024566 510.24357128105515 688.6281661708775 509.23249262098443 670.4287502896054 503.5274368975371 671.5793372279834 488.14282151292167 668.5024141510604 486.9757741606225 658.5825116565175 487.10468288095075 665.5283516188465 442.6602384365062 669.9727960632911 411.54912732539503 670.5283516188466 414.3269051031728 666.0839071744022 486.63228623706186 655.6628643062517 485.0658984359986 642.3485679972141 480.0658984359988 597.7331833818293 422.9404209347025 603.0584397590688 423.543740246932 607.2816749446752 407.5437402469319 608.0816749446752 408.06322277985964 604.4452972141813 401.78590902117526 605.0304705306688 404.8921275321642 611.2429075526468 404.8921275321642 634.3679075526468 402.181108030996 647.3808011582543 409.37650987066525 646.5443079910012 481.73645587966655 635.8967366329243 484.11740826061896 640.1824509186386 397.4507415939521 653.0395937757814 103.16502730823726 687.8014985376863 103.64121778442774 682.0872128234006 322.9189875199192 656.595327838886 287.39212753216384 658.1179075526469 183.60303740167222 665.6464821701378 182.40303740167224 660.8464821701378 270.6567496416043 654.5662554564348 268.16019991434626 649.157064380709 8.325664168734466 670.9202235424726 0 671.6175625390445 0 716.3256657376508 14.006744840533933 714.4441197348841 130.27480292744212 698.8256657376508 145.27480292744212 698.8256657376508 144.27480292744212 703.8256657376508 97.61348164003383 709.3373466493317 14.921646752154693 721.4533664131236 0.1134816400336831 723.623060935046 0 738.2077760175159 17.193909061093066 738.8616227941824 23.90594704598209 739.1168669266068 58.451401591436706 747.2986851084249 135.7241288641644 766.3895941993342 155.7241288641644 795.4805032902434 167.48917311045707 832.7364767368366 183.76733632688342 825.7601210726539
-1 432 485.45643517573285 647.3195099143933 409.16013887943643 661.3935839884674 394.715694434992 664.7269173218008 338.04902776832523 668.060250655134 336.5231018423992 664.7269173218008 479.1601388794365 646.2083988032822
11 433 755.0435468184039 674.2713477907193 755.1721402288695 668.6132377302358 755.1964713148965 674.2679240168482
11 434 847.3740679915834 672.2041915589751 786.151871982046 673.5748742150906 799.4645783441679 671.5779682607724 808.5554874350771 660.2143318971359 809.9191237987134 656.5779682607724 809.9191237987134 642.1741782849232 867.8805208414233 642.4808523433502 867.0184965621734 649.3770465773497 867.9708775145543 657.4722846725878 869.3994489431257 671.7579989583021 869.5531574670302 672.526541577825
-1 434 852.1613486818803 669.2465983206587 862.8756343961661 652.1037411778016 862.8756343961661 651.7465983206587 844.3042058247376 647.4608840349445 840.732777253309 647.4608840349445 832.1613486818803 655.6751697492301 824.6613486818803 667.8180268920873
11 435 1007.3102797519514 595.9821261635614 1006.371732179936 569.1559156320527 994.2919904599182 555.5274890761352 979.6491333170611 531.2417747904209 977.2966635323023 525.9095099449677 969.3159075045756 528.5697619542099 962.649240837909 529.3105026949506 955.2418334305016 530.4216138060617 954.5010926897608 534.8660582505062 943.0196112082793 538.56976195421 931.9266870289822 539.7755145823944 926.7919904599177 543.0274890761352 913.0497371985656 544.2856965532974 913.1122038008718 545.5142063986543 904.3622038008718 547.1808730653211 897.6955371342052 549.2642063986543 881.0288704675385 551.7642063986544 868.5288704675385 555.5142063986544 863.93282623194 564.4255259471257 847.5691898683037 569.8800714016712 837.6955371342051 572.1808730653211 828.9455371342051 578.4308730653211 821.8622038008716 590.5142063986546 809.3622038008716 591.7642063986546 808.1122038008716 580.9308730653211 798.9455371342049 581.3475397319878 800.6122038008716 589.6808730653212 795.6375336818973 589.9759806147518 801.2827601623499 597.0325137153177 807.6463965259861 596.1234228062267 813.5554874350771 598.396150078954 812.1918510714406 602.9416046244086 805.3736692532589 603.8506955334994 810.3580869558768 613.8195309387352 819.5079645245831 606.1253157105049 826.1746311912498 606.8945464797357 818.2259132425319 615.0996746848639 811.178852689281 615.4610624055434 811.7373056168954 616.5779682607722 811.2827601623499 627.4870591698632 810.0132592036235 637.2198998534305 867.9708775145543 637.8236250441694 867.9708775145543 632.710379910683 871.7804013240782 621.2818084821115 879.3994489431257 612.710379910683 868.9232584669353 611.2818084821115 870.3518298955066 604.6151418154448 875.5899251336019 600.3294275297305 884.6375441812211 599.3770465773496 888.9232584669353 596.0437132440162 891.3042108478877 589.8532370535399 893.2089727526495 578.4246656249685 907.9708775145543 577.4722846725875 931.3042108478878 576.996094196397 933.2089727526497 576.996094196397 958.9232584669355 576.5199037202067 971.8813330010969 576.757998958302 977.7146663344301 578.8413322916354 981.4646663344301 581.3413322916354 983.1313330010969 591.757998958302 985.1137346574118 599.3770465773496 993.6851632288403 597.9484751487781 996.4744128144833 600.4278081137941 999.2919904599182 596.5989176475639
-1 435 856.1746311912498 609.9714695566588 854.1233491399678 613.0483926335818 847.7130927297113 615.6124951976844 836.43104144766 614.8432644284536 845.1489901656088 605.3560849412742 857.7130927297114 605.0996746848639
11 436 1084.119517106237 637.1823386407873 1087.6345513514536 637.1112714373174 1087.7009418100652 641.7586035401233
11 437 1087.7944657932353 622.2376327791667 1078.8649276465555 619.970554180471 1057.407069824998 618.503679552326 1014.4244878244239 616.6906503794207 996.3197712089335 608.0041088680406 990.8280203716974 609.3770465773496 996.0661156097927 615.5675227678257 998.4470679907452 622.2341894344925 1002.2565918002689 630.805618005921 1002.8506535598924 635.2610812030972 1087.571991560048 632.7320860389134 1087.5596221032997 631.8662240665273
11 438 1088.710038270066 666.4666150859166 1088.014167557845 663.6844058847091 1087.9219399278477 657.2284717849063 1064.839367068876 648.0501756002174 1055.8393670688763 640.974906783013 1055.2730116249134 637.7655592672227 1003.4055849875047 638.8142184566225 1003.7427327738392 641.4629989397216 1015.0043269596431 639.6367944771589 1043.5228454781616 661.4886463290107 1012.04136399668 662.9701278104923 1004.6247725857664 648.3926895200758 1005.1137346574118 652.2341894344926 1003.8432512521384 666.7177002546086
11 439 1315.1409867091998 792.2340161939337 1309.5231071476674 777.1089558359622 1308.9348718535498 755.3442499536092 1307.822779271636 729.7661205695917 1280.1123928619536 729.079086195798 1256.6123928619536 728.579086195798 1233.6123928619536 726.079086195798 1225.1123928619536 721.579086195798 1221.9442608489096 720.2536432107489 1222.3018538900926 728.1206901167798 1239.4505803482257 745.3625605360033 1302.3018538900928 776.5417427483588
11 440 1498.9041998933171 1080 1433.4496544387719 1024.954186295357 1282.0860180751351 894.4996408408111 1145.267836256953 765.8632772044473 1030.7223817114982 669.9541862953563 1030.2678362569527 669.9541862953563 1003.5476073137047 671.4577527670394 1003.4688882554124 670.9854384172855 1002.7327822764594 679.3770465773498 1000.8280203716974 685.567522767826 996.5423060859832 689.3770465773498 989.8756394193165 689.8532370535403 883.6851632288401 689.8532370535403 873.68516322884 686.5199037202069 871.3042108478876 681.2818084821117 870.0307778649219 674.9146435672834 835.9630569123514 674.8696194030052 820.2624785049586 690.299948639712 813.8988421413223 688.9363122760757 817.9897512322314 681.6635850033484 828.3629029609316 674.5279777369964 821.0074808603679 674.7062615526297 755.2628000093039 676.6211551696509 755.237539307414 676.5285325960548 755.2062051384262 676.5301213708203 755.2056959089391 676.4117734683136 755.0111157901739 675.6983130328409 754.980413386319 677.0492188024564 752.8751502284242 707.0492188024566 707.0856765442136 741.2597451182461 688.6646239126346 746.522903012983 677.6119923336872 749.1544819603514 672.195369055232 749.6469022583927 671.9745662310688 765.1030999498096 639.9745662310688 765.4364332831428 640.1534082518629 752.5598077859718 637.0856765442134 752.8386924866672 627.9844330219386 752.0572725882901 359.8951544663624 890.1815313223588 318.1304485840093 886.0638842635353 313.4245662310681 881.3580019105941 582.8363309369511 754.8874136752997 584.0128015251864 754.2991783811821 592.3724103692418 748.9996746837656 580.5313628079637 747.98301908507 542.6992023867394 758.7922077768484 516.1607408482778 758.7922077768484 516.1381164138886 755.2854204465314 515.549881119771 754.6971851524137 548.7797796867789 745.2568730595137 532.8751502284236 743.8913240656145 522.8751502284235 738.6281661708776 516.0330449652656 728.6281661708776 513.6965089622654 721.2847673043053 170.24406124511972 841.4602891632683 172.0877652278009 847.2986851084254 172.0877652278009 860.0259578356984 178.4514015914374 872.7532305629712 193.90594704598288 884.5714123811531 206.63321977325563 936.3895941993351 205.72412886416475 1015.4805032902445 199.36049250052838 1080
-1 440 611.4944005423397 932.6848165612041 495.38328943122826 1077.129261005649 454.27217832011706 1073.24037211676 554.2721783201173 960.462594338982 582.0499560978951 932.6848165612041
-1 440 786.0021359489639 726.6302516700152 775.2021359489638 740.6302516700152 765.2021359489638 754.2302516700153 762.8021359489638 763.0302516700153 743.2021359489638 760.2302516700153 744.0021359489638 755.8302516700153 776.4021359489639 725.4302516700152 778.4021359489639 718.6302516700152 782.4021359489639 719.0302516700152 785.3214597060858 722.3223507246664 790.802135948964 721.8302516700153 790.802135948964 722.2302516700153
-1 440 934.2569593281692 873.3321747965313 931.9842320554419 798.332174796531 929.9313726341613 757.2580121171051 924.7115047827147 741.0594475238037 926.9842320554419 732.42308388744 958.4313866795758 729.0000623729198 961.8688866795758 736.1875623729198 975.1660502372602 789.241265705622 984.2569593281693 834.6958111601675 991.5296866008966 871.9685384328949
-1 440 993.8024138736239 748.7867202510763 949.2569593281693 721.0594475238036 939.7115047827147 721.0594475238036 904.2569593281692 745.1503566147127 896.5296866008964 746.9685384328945 869.7115047827145 745.1503566147127 913.3478684190783 717.8776293419853 930.1660502372602 709.6958111601672 954.9938866795758 709.93756237292 1033.8024138736241 748.7867202510763
11 441 1808.4305001728783 823.4454387015145 1811.0231071476687 795.7045440712561 1811.1964270390743 784.9587108041175 1920 811.3896824383297 1920 856.5209990835316
11 442 1557.0860180751356 1080 1554.8132908024081 1072.2269135680845 1488.9041998933171 1020.8632772044481 1253.904199893317 834.9541862953567 1105.7223817114987 714.4996408408111 1042.5251517862139 669.6459988393425 1089.3726220127896 669.1157373340599 1090.4366602940897 673.3699429568568 1107.5596221032997 679.1389513392546 1120.2868948305725 681.4116786119819 1145.2868948305725 681.8662240665274 1175.143970588305 681.2264295860045 1176.1123928619534 701.0790861957979 1208.8694046545058 714.7835503130902 1205.0688575867493 716.7881457781654 1190.7229065216716 727.0680585378324 1189.1439591532505 733.3838480115166 1315.459748626935 813.3838480115169 1319.6702749427245 815.4891111694116 1343.4891446445195 812.7669546320636 1479.0231071476678 890.3712107379231 1525.0231071476678 909.7045440712565 1577.023107147668 921.7045440712565 1615.6897738143348 921.7045440712565 1675.689773814335 915.7045440712565 1794.3564404810022 881.7045440712564 1804.3564404810022 867.0378774045896 1807.1575211437962 837.0663143126942 1920 866.5209990835317 1920 1080
9 443 1920 811.3896824383297 1920 0 0 0 0 313.21706272473955 7.450662158254744 304.9561931595222 34.40718389738524 286.6953235943047 59.18979259303748 272.7822801160438 87.8854447669506 261.0431496812612 118.32022737564634 251.91271489865244 119.62457520173328 251.4779322899568 147.30196316515867 245.94245469727173 150.01990511628605 230.72197977095834 170.60814041040373 229.54550918272304 168.25519923393318 253.074920947429 165.3140227633449 259.5455091827231 166.4904933515802 273.07492094742906 161.78461099863904 278.9572738886055 161.19637570452136 294.2513915356644 141.78461099863898 300.72197977095857 140.60814041040368 291.31021506507614 146.46742695225797 251.36053409788786 127.0158795495594 254.52141055082637 126.58109694086372 259.7388018551742 108.32022737564628 262.7822801160438 97.01587954955934 264.95619315952206 93.97240128868972 285.8257583769134 87.8854447669506 285.8257583769134 88.32022737564628 265.3909757682177 40.059357810428736 288.869236637783 40.92892302782005 299.3040192464787 35.27674911477655 299.7388018551743 34.841966506080894 292.78228011604386 0 319.3040192464787 0 607.1356438212872 41.44706229726148 606.1832628689062 66.3333458975774 606.2344692137628 65.79108507230512 483.70390630108614 64.7823759576242 457.42243213434483 69.78237595762425 456.96788667979934 70.69146686671513 564.6951594070724 72.64573930792336 606.2474576775702 272.8756337258335 606.6594533450967 275.2565861067859 589.99278667843 288.1347462266916 588.9227103977798 290.46815468147304 571.588819019403 292.6420677249513 568.1105581498377 298.2942416379948 566.3714277150551 299.5985894640818 565.5018624976638 307.42467642060353 566.3714277150551 307.1249452161755 589.9021191082802 313.56798860560605 591.1796138865118 314.4589277751762 576.215592899852 320.089485676946 568.1434268829353 329.5833333333336 567.4419191919193 333.8764029861903 568.71274081358 336.4052751506303 574.4592163566194 338.89002890919437 588.4687719001055 336.76712753216395 588.7429075526467 348.64212753216395 587.4929075526467 366.14212753216407 587.4929075526467 371.76712753216407 588.7429075526467 379.89212753216407 589.9929075526467 390.5171275321642 596.2429075526467 399.8921275321642 601.2429075526467 401.78590902117526 605.0304705306688 408.06322277985964 604.4452972141813 408.34374024693193 602.4816749446752 411.14374024693194 593.2816749446752 412.7437402469319 583.2816749446752 409.94374024693195 498.081674944675 408.7437402469319 431.68167494467485 407.94374024693195 427.68167494467485 407.94374024693195 421.2816749446748 407.14374024693194 412.4816749446748 407.14374024693194 412.08167494467483 409.543740246932 406.8816749446748 413.543740246932 404.0816749446748 417.14374024693194 408.8816749446748 419.14374024693194 412.08167494467483 419.543740246932 419.2816749446748 418.74374024693196 423.2816749446748 415.14374024693194 427.68167494467485 413.94374024693195 433.68167494467485 412.7437402469319 454.0816749446749 414.34374024693193 514.081674944675 418.34374024693193 578.4816749446752 419.543740246932 598.8816749446752 422.74374024693196 601.6816749446753 422.9404209347025 603.0584397590688 480.0658984359988 597.7331833818293 485.0658984359986 642.3485679972141 486.63228623706186 655.6628643062517 486.9208162848231 655.6212797941542 486.9757741606225 658.5825116565175 488.14282151292167 668.5024141510604 503.5274368975371 671.5793372279834 509.23249262098443 670.4287502896054 509.19093970210776 669.6807977498248 511.1055729361605 659.34177828594 492.63510199910877 660.4784226512971 492.34016396551544 652.9547514176875 509.2966857046458 654.2590992437745 511.77795914196594 653.6212797941542 511.32369545056673 658.1639167081464 511.8225186494762 655.4702714340353 513.5001897093778 651.947162208242 513.5001897093778 605.2493176291791 511.1548512674875 599.4159842958459 509.4881846008209 589.8326509625125 501.43122419213637 589.7320762498688 502.46570695075707 585.938972801593 504.53467246799846 581.1113865946963 508.32777591627433 575.2493176291791 511.7760517783433 573.1803521119377 517.578993664044 571.5562865223549 517.1244482094985 565.6471956132639 517.578993664044 562.4653774314457 519.362258674895 559.3872486636619 522.1208793645502 555.9389728015929 522.4123244198072 555.9389728015929 521.2393095726932 533.2606857573879 503.4530126464989 535.0542619180126 501.72887471546437 488.8473653662884 516.9201671144971 487.6593285535114 526.0714489854377 487.440807593136 526.0714489854377 487.440807593136 543.4530126464989 487.1232274352539 544.1426678189127 534.019779159392 527.0619090208758 534.019779159392 526.6704948486937 555.9389728015929 526.9484655714468 555.9389728015929 530.7415690197226 559.3872486636619 532.810534536964 565.2493176291791 533.8450172955847 571.8010417671102 533.8450172955847 575.594145215386 536.9484655714468 581.1113865946963 544.8795000542054 594.5596624567654 545.2314866327541 612.688949191209 546.2588103990331 621.8010417671103 542.4657069507572 623.1803521119379 542.2681933940285 629.5995427056221 543.4014660178973 628.6281661708773 549.7172554915816 621.7860609077195 555.5067291757921 614.4176398550878 565.7866889303782 604.8863938064483 560.2694475510677 604.1967386340345 561.3453096200335 590.5967386340345 562.9453096200334 587.7967386340346 570.5453096200334 582.9967386340345 572.1453096200335 576.5967386340345 578.5453096200334 573.3967386340345 578.9453096200335 572.9967386340345 595.7556661166301 572.9967386340345 596.5337411597584 512.6446786019274 600.4623125883298 511.57325003049885 600.1051697311871 558.3589643162132 600.4154530890709 559.0641537659492 622.8547042546345 560.9340913630795 659.0085504084807 559.3956298246179 658.346479870323 575.4955943528435 659.3118240734367 594.8024784151169 671.028870467538 595.2259861161084 671.028870467538 590.5142063986546 665.628906100182 565.9918251567076 678.128906100182 566.3489680138505 679.2003346716106 566.3489680138505 680.0524917737674 556.3597738746566 688.8024917737675 555.9431072079899 693.3858251071008 540.9431072079899 708.3858251071008 540.5264405413232 716.7191584404342 553.8597738746566 805.0524917737678 533.4431072079899 805.6122038008716 543.0142063986543 816.445537134205 542.1808730653211 818.1122038008716 537.1808730653211 911.8622038008718 520.9308730653211 913.0497371985656 544.2856965532974 926.7919904599177 543.0274890761352 931.9266870289822 539.7755145823944 925.9825741712423 540.4216138060617 925.2418334305015 519.680873065321 948.2047963934644 510.4216138060617 967.4640556527238 509.68087306532095 977.4640556527238 510.05124343569133 978.2047963934646 525.6067989912469 977.2966635323023 525.9095099449677 979.6491333170611 531.2417747904209 994.2919904599182 555.5274890761352 1006.371732179936 569.1559156320527 1003.904931620943 498.64812987038914 999.965537681549 495.9208571431164 974.5109922270035 482.587523809783 973.7537430107028 479.9852173750238 982.3744326658752 484.1231484095066 982.7192602520821 484.4679759957135 1002.0296050796684 492.74383806467904 1001.6847774934615 489.64038978881695 1006.512363700358 489.98521737502386 1012.3744326658752 603.0886656508861 1007.5468464589787 602.7438380646793 1007.3102797519514 595.9821261635614 999.2919904599182 596.5989176475639 996.4744128144833 600.4278081137941 997.9708775145547 601.7579989583019 998.4470679907452 607.4722846725876 996.3197712089335 608.0041088680406 1014.4244878244239 616.6906503794207 1057.407069824998 618.503679552326 1078.8649276465555 619.970554180471 1087.7944657932353 622.2376327791667 1088.014167557845 613.2298604301635 1091.062295900091 608.1763844943347 1095.1799429589146 604.0587374355111 1098.1211194295029 596.4116786119816 1096.674507890215 593.8183951344106 1096.9775381932454 589.2729405889561 1095.462386678094 582.0002133162288 1096.674507890215 577.4547587707742 1096.9775381932454 573.21233452835 1098.492689708397 572.3032436192591 1101.2199624356697 572.3032436192591 1103.644204859912 573.21233452835 1103.644204859912 575.9396072556227 1104.553295769003 578.3638496798652 1106.0101730000047 592.2041833743807 1106.9446488412675 591.7057962590405 1108.7093547236204 585.8234433178641 1113.4152370765617 575.823443317864 1131.6505311942087 572.8822668472758 1198.7093547236207 576.4116786119816 1207.5328841353853 584.6469727296287 1211.650531194209 592.2940315531582 1214.4586686422695 597.9103064492791 1215.6123928619534 596.5790861957977 1228.1123928619536 592.5790861957976 1263.1123928619536 589.0790861957976 1309.6123928619536 591.0790861957976 1338.6123928619538 593.5790861957976 1344.1123928619538 598.5790861957977 1366.1123928619538 613.5790861957977 1380.6123928619538 623.5790861957977 1392.416915545153 639.3184497733964 1401.2878130300205 629.4618970124322 1423.0525189123737 616.5207205418441 1447.758401265315 608.8736617183147 1504.2289895006093 602.9913087771381 1608.3466365594331 604.1677793653735 1616.8624137322336 604.494530435017 1617.6447710239431 602.636431867207 1619.4094769062963 584.4011377495599 1622.9388886710021 570.2834906907362 1624.7035945533548 560.2834906907362 1629.9977122004138 556.7540789260304 1635.8800651415904 556.7540789260304 1634.1153592592373 549.1070201025009 1634.7035945533548 541.4599612789715 1641.174182788649 537.9305495142655 1647.0565357298256 537.9305495142655 1652.9388886710021 543.8129024554421 1655.8800651415904 549.1070201025009 1658.8212416121787 557.9305495142656 1665.2918298474729 563.2246671613245 1671.1741827886492 575.577608337795 1667.0342824445 613.8716865211766 1687.6897738143352 621.0378774045888 1712.3564404810018 636.3712107379222 1764.356440481002 670.3712107379223 1807.0231071476687 690.3712107379224 1813.0231071476687 719.7045440712558 1811.6897738143355 754.3712107379226 1811.1964270390743 784.9587108041175
-1 443 809.7788978845642 455.0196264623113 810.5050714000961 519.252884209411 811.7492333237625 521.5068522838554 814.8884781570919 521.8717259022112 813.725794073192 527.3841802457864 809.4340702983573 527.7782471519666 806.3306220224952 527.7782471519666 806.9019603573715 515.2219243940597 805.9857944362883 455.3644540485182
-1 443 915.7881688364805 476.53694151295485 915.0785736784741 495.932542498466 905.4357165356168 495.57539964132314 905.4357165356168 471.2896853556088 906.1500022499026 466.64682821275164 916.1500022499026 466.64682821275164 915.9262273426965 472.76334234305193 957.2020188727718 473.7783208232997 957.2020188727718 476.53694151295485
-1 443 1122.3503444979892 525.627530826305 1120.750344497989 531.2275308263052 1120.3503444979892 541.6275308263051 1112.3503444979892 540.0275308263051 1111.1503444979892 534.8275308263051 1110.750344497989 530.8275308263051 1113.550344497989 523.6275308263051 1115.550344497989 520.8275308263051 1118.3503444979892 519.627530826305 1121.550344497989 520.0275308263051
-1 443 1193.2461238027572 528.6492967327521 1190.0203173511443 528.3267160875909 1189.9817747179682 526.0719720467843 1181.0358490118365 526.4160461124047 1179.8820028579903 491.03143072778926 1189.4008706266056 492.0890827020798 1189.3751560608216 490.58478060371976 1190.3428979963055 478.32671608759074 1192.9235431575958 478.00413544242946
-1 443 1270.285327983022 398.4736403251825 1271.5174089183924 430.199724410971 1255.2674089183924 429.7830577443043 1255.684075585059 386.44972441097093 1269.8507422517257 387.2830577443043 1270.175059390116 395.6342240578545 1277.3039236205364 395.3701920493204 1277.3039236205364 398.4736403251825
-1 443 1311.2369741357838 501.6961012225653 1296.1636337870418 502.75237675747724 1298.3772245487573 536.3989563355525 1294.091510263043 536.3989563355525 1291.2343674059002 502.82752776412383 1290.5200816916145 481.7560991926952 1288.7343674059002 442.8275277641237 1287.6629388344716 439.613242049838 1300.1629388344716 437.4703849069808 1307.3057959773287 438.5418134784094 1307.9202744000254 442.53592322593727 1310.3674089183924 444.98305774430435
-1 443 1370.7142678597138 356.6652988497204 1368.8624160078618 367.40603959046115 1368.1216752671212 370.7393729237945 1369.973527118973 375.55418773860936 1366.6401937856397 381.4801136645353 1363.3068604523062 381.85048403490566 1368.4920456374914 450.7393729237947 1364.7883419337877 450.7393729237947 1361.89074402394 414.2296392597131 1356.3514236990432 414.2296392597131 1317.8898852375046 394.22963925971305 1291.351423699043 394.9988700289438 1291.9662799423759 390.5112578800414 1318.0268860029819 389.6021669709505 1318.3299163060121 389.6021669709505 1336.8147647908609 399.2991366679202 1351.6632496393456 408.087015455799 1360.4022525718967 412.75954722510505 1361.8250400325678 413.4017689684237 1359.232786378232 380.7393729237945 1355.8994530448988 379.6282618126834 1355.1587123041581 374.8134469978686 1356.6401937856394 369.6282618126834 1351.4550086004544 364.4430766274982 1350.7142678597136 358.51715070157223 1350.7142678597136 354.44307662749816 1353.6772308226766 351.4801136645352 1357.0105641560099 350.3690025534241 1364.4179715634173 350.73937292379446
-1 443 1422.126531382591 531.8776964797167 1414.7581103299594 532.9303280586641 1398.4423208562753 347.14085437445306 1395.2844261194332 337.6671701639267 1382.6528471720646 333.9829596376109 1379.4949524352226 321.3513806902425 1379.4949524352226 313.98295963761086 1383.1791629615384 310.8250649007688 1388.968636645749 310.8250649007688 1393.7054787510122 310.2987491112951 1393.7054787510122 304.5092754270845 1392.126531382591 298.19348595340034 1388.4423208562753 293.9829596376108 1387.9160050668015 285.56190700603184 1390.5475840141698 281.87769647971606 1398.968636645749 279.2461175323476 1403.1791629615384 280.82506490076867 1404.7581103299594 290.298749111295 1403.7054787510122 298.719801742874 1400.54758401417 303.45664384813716 1408.4423208562753 303.45664384813716 1416.3370576983805 306.0882227955056 1416.8633734878542 316.0882227955056 1414.7581103299594 320.8250649007688 1414.7581103299594 331.35138069024254 1407.3896892773278 332.9303280586636 1406.8633734878542 343.4566438481373 1412.126531382591 399.24611753234797
-1 443 1416.3242929433563 608.4050995462071 1414.7453455749353 556.2998363883122 1415.7979771538826 549.4577311251543 1423.1663982065143 548.4050995462069 1426.85060873283 608.4050995462071
-1 443 1532.1841754928673 443.2413077136837 1532.1841754928673 428.5044656084205 1533.7631228612886 423.7676235031573 1522.710491282341 299.5570971873675 1516.394701808657 239.0307813978937 1522.710491282341 236.92551823999895 1524.2894386507623 253.2413077136832 1526.394701808657 257.4518340294727 1542.1841754928676 440.6097287663153
-1 443 501.52901514078894 410.1888950269165 536.7815917428197 411.1988530723864 538.5200305892587 477.37334965662853 527.0866096487076 477.03292659079534 526.0714489854377 487.440807593136 516.9201671144971 487.6593285535114 517.0816593787238 476.6755367969177 517.0816593787238 476.6755367969177 502.2925179027905 474.4700752024323 499.7477217474155 460.68980326702524 502.44630696013434 447.32347688564414 500.9725916814487 443.5311884921766 501.85703854964885 437.80599465787884 503.1045307877414 422.55200744378624 498.77387416792175 418.7936525064076 501.58557090093717 414.9504639288066
4 806 517.0816593787238 476.6755367969177 502.2925179027905 474.4700752024323 499.7477217474155 460.68980326702524 502.44630696013434 447.32347688564414 500.9725916814487 443.5311884921766 501.85703854964885 437.80599465787884 503.1045307877414 422.55200744378624 498.77387416792175 418.7936525064076 501.58557090093717 414.9504639288066 501.52901514078894 410.1888950269165 536.7815917428197 411.1988530723864 538.5200305892587 477.37334965662853 527.0866096487076 477.03292659079534 527.0866096487076 477.03292659079534 517.0816593787238 476.6755367969177
7 807 516.9201671144971 487.6593285535114 516.9201671144971 487.6593285535114 517.0816593787238 476.6755367969177 527.0866096487076 477.03292659079534 526.0714489854377 487.440807593136