6 84 1920 837.2626602766452 1433.6522252837121 711.262660276645 1283.652225283712 730.262660276645 1129.6522252837117 747.262660276645 921.652225283711 762.2626602766451 782.6522252837104 770.2626602766452 770.5172449810394 770.5856445432562 746.057268285023 771.2366705389677 519.6522252837098 777.2626602766452 387.6522252837094 774.2626602766452 173.65222528370884 769.2626602766452 0 755.2626602766452 0 803.2626602766453 78.22459370476133 811.5096238393983 98.75090949423509 816.772781734135 106.64564633634035 826.2464659446614 111.38248844160353 836.7727817341352 0.275521799643951 871.948710757797 0 872.035939628872 0 871.7264417679849 0 871.5096238393983 0 1080 359.14564633634063 1080 385.31998844160415 1073.8089659446614 406.37262002055155 1072.2300185762404 490.0568305468675 1073.8089659446614 531.109462125815 1072.2300185762404 554.7936726521308 1074.861597523609 567.9515673889729 1078.019492260451 574.7936726521308 1080 1283.921962125816 1080 1305.171962125816 1071.720150155188 1368.2969621258162 1072.970150155188 1458.2969621258162 1072.345150155188 1490.7969621258162 1074.220150155188 1532.6719621258162 1079.845150155188 1533.8651904419282 1079.505958349593 1655.7969621258162 1044.8451501551879 1920 930.3987215837597 1920 931.827293012331 1920 858.9701501551879
6 85 1752.2123033635255 691.2573103634 1712.7435338680784 698.9854610338373 1601.6859875740515 720.7309945739264 1586.9491454687886 717.0467840476106 1533.7912507319465 709.6783629949789 1442.7567769294053 692.7380348265061 1427.6407221716952 689.925134202028 1231.1596717845773 653.3625735212947 1360.633355995104 643.8888893107685 1491.1596717845778 632.3099419423473 1594.8438823108936 638.0994156265579 1894.3175665214203 655.9941524686632 1763.3395068730142 688.4961154184529
6 86 994.7451981003672 635.1614969662706 1058.7451981003674 633.1614969662706 1031.9451981003672 614.7614969662707 988.3215889701784 616.7443882903701 987.9451981003672 616.7614969662707 988.3451981003672 632.3614969662706 988.9823429833526 632.6402478525767
6 87 859.0374760926452 639.063041367815 862.1757992131066 639.0743563167838 870.9703072978443 639.1060641449344 886.345198100367 639.1614969662706 886.7451981003671 617.5614969662706 873.1451981003671 616.7614969662707
6 88 1.0495343047019787 656.492545647319 190.27925736788313 644.3629599038006 119.47925736788306 639.9629599038005 0 647.213598278898
6 89 870.9703072978443 639.1060641449344 862.1757992131066 639.0743563167838 855.2070531016975 645.3687076432178 834.4927673874117 664.2972790717893 806.9927673874117 692.511564786075 791.6356245302688 716.0829933575036 778.778481673126 732.511564786075 772.2219122345945 740.2711744885573 768.0625754071971 745.193692385202 746.057268285023 771.2366705389677 770.5172449810394 770.5856445432562 789.8452702085349 744.3082169867736 793.1244188936681 739.8500485496824 813.0078049813967 712.8175798236692 829.323594455081 688.080737718406 853.5341207708705 658.080737718406
6 90 772.2219122345945 740.2711744885573 714.1803932999799 741.1123559223923 604.72093384052 743.5447883548246 502.82904194862806 743.5288901036324 385.1819831250985 743.2347724565733 202.82904194862783 736.7641842212792 73.41727724274546 728.5288901036321 0 722.6465371624556 0 727.1693057293425 66.35845371333366 733.823007750691 138.71139488980427 737.9406548095145 246.96248714134117 744.0443057293425 398.2124871413414 748.4193057293426 573.2124871413416 749.0443057293426 719.462487141342 747.1693057293425 768.0625754071971 745.193692385202
6 91 1277.5874871413425 712.7943057293423 1081.9624871413425 729.0443057293423 873.2124871413421 740.9193057293423 789.8452702085349 744.3082169867736 793.1244188936681 739.8500485496824 879.5857987053856 736.2474910575278 1015.802014921602 728.6799234899602 1114.720933840521 722.1934370034737 1216.8830960026833 713.544788354825 1325.8020149216022 702.1934370034736 1421.477690597278 690.8420856521223 1427.6407221716952 689.925134202028 1442.7567769294053 692.7380348265061
6 92 456.65257136039264 645.8818312801026 449.9791222219906 646.4938069652835 389.29963018392203 652.0583018683378 288.4172772427455 666.764184221279 192.53492430156905 679.1171253977494 107.534924301569 689.4112430448082 0 709.9994783389259 0.18198312509835546 714.9994783389262 111.35845371333366 694.4112430448085 219.29963018392195 679.7053606918674 317.53492430156905 665.293595985985 431.9466890074515 651.764184221279 450.47657998009646 649.7549189350885 456.35845371333386 649.1171253977495
1 94 989.4308748256299 645.1991394363416 988.9823429833526 632.6402478525767 988.3451981003672 632.3614969662706 987.9451981003672 616.7614969662707 988.3215889701784 616.7443882903701 988.2544042373945 615.1991394363416 982.666168943277 599.3167864951652 981.4896983550416 596.6697276716358 987.0779336491593 596.6697276716358 987.3720512962182 593.4344335539887 985.6073454138652 590.4932570834004 982.666168943277 588.1403159069298 977.0779336491593 588.1403159069298 970.901463060924 584.610904142224 970.3344888051975 577.240238817779 970.3132277668063 576.9638453186946 968.2544042373945 570.7873747304593 961.1955807079828 569.3167864951652 950.3132277668063 568.7285512010475 940.0191101197474 568.7285512010475 938.9256263696265 568.6398903564431 929.1367571785711 567.846198259871 919.1367571785711 568.1403159069298 908.5485218844533 567.846198259871 905.0191101197474 568.4344335539887 903.2544042373945 571.9638453186946 901.7838160021004 577.846198259871 899.7249924726887 585.7873747304593 896.4896983550416 588.1403159069298 891.7838160021004 588.1403159069298 887.0779336491593 588.4344335539887 886.4896983550416 590.7873747304593 885.6073454138651 593.4344335539887 885.6073454138651 598.4344335539887 888.5485218844533 602.846198259871 887.666168943277 621.3756100245769 888.5485218844533 644.9050217892828 889.7249924726887 651.0814923775181 892.9602865903357 654.0226688481064 900.6073454138651 655.7873747304593 984.7249924726887 653.7285512010476 987.666168943277 650.7873747304593
1 95 771.2700650471727 666.0891317969225 770.6408980786204 645.6412053189684 770.5557793328871 642.8748460826369 770.5557793328871 635.017703225494 769.8414936186014 631.0891317969225 764.4843507614585 624.6605603683511 760.91292219003 621.4462746540653 761.9843507614585 617.8748460826367 761.9843507614585 614.6605603683511 760.1986364757443 612.1605603683511 755.5557793328871 609.6605603683511 752.5424125620551 607.1829032456669 739.4843507614585 596.4462746540653 737.7734414654614 595.6280136864145 732.1329360023725 592.9303806388504 731.2700650471727 592.5177032254938 721.7108581137595 591.1015244205437 721.6272079043156 591.0891317969224 709.4843507614585 592.1605603683511 660.9129221900298 592.1605603683511 645.4906130694002 592.4886946049602 644.1272079043156 592.5177032254938 643.7700650471727 592.5177032254938 630.9129221900298 593.9462746540653 624.8414936186012 596.0891317969224 623.2422110051871 597.5002635146408 618.7700650471727 601.4462746540653 611.6272079043156 608.2319889397796 606.6272079043156 616.0891317969224 600.9129221900298 623.2319889397796 593.0557793328869 629.3034175112082 583.4129221900298 635.3748460826367 577.698636475744 642.517703225494 571.6272079043155 654.3034175112082 571.6272079043155 677.8748460826369 574.8414936186011 713.5891317969225 579.1272079043156 722.8748460826369 586.9843507614584 725.7319889397797 608.4129221900298 727.517703225494 726.9843507614585 724.3034175112083 736.6272079043156 719.6605603683511 752.6986364757443 700.7319889397797 769.8414936186014 686.0891317969225
1 96 842.7234890999011 594.7388968925093 840.3705479234306 597.0918380689799 838.0176067469599 596.797720421921 838.6058420410777 599.1506615983916 840.6646655704894 604.1506615983916 841.8411361587247 609.4447792454505 841.8411361587247 617.0918380689799 841.5470185116659 632.0918380689799 841.5470185116659 639.1506615983916 836.4923966629265 642.4523422706607 832.8923966629264 645.2523422706606 831.6923966629265 645.2523422706606 770.6408980786204 645.6412053189684 770.5557793328871 642.8748460826369 770.5557793328871 635.017703225494 769.8414936186014 631.0891317969225 764.4843507614585 624.6605603683511 760.91292219003 621.4462746540653 761.9843507614585 617.8748460826367 761.9843507614585 614.6605603683511 760.1986364757443 612.1605603683511 755.5557793328871 609.6605603683511 752.5424125620551 607.1829032456669 753.6058420410776 599.7388968925093 756.252900864607 594.7388968925093 758.8999596881364 587.9741910101563 761.5470185116658 580.0330145395681 762.7234890999011 577.0918380689798 764.1940773351953 575.0330145395681 769.8712628656529 573.6813036989829 770.3705479234305 573.5624263042739 785.6615113762648 572.9383053470154 790.7161336035773 572.7319942356966 799.1940773351953 572.3859557160387 809.0363486354833 572.870001845561 817.1352538057836 573.2683086572151 824.1940773351953 575.3271321866268 827.1352538057836 576.5036027748622 830.6646655704894 579.4447792454504 832.3394998182462 583.5557360353988 833.8999596881365 587.3859557160387 837.7234890999011 587.3859557160387 842.4293714528424 590.3271321866268 843.6058420410777 592.3859557160387
1 97 721.6272079043156 591.0891317969224 709.4843507614585 592.1605603683511 660.9129221900298 592.1605603683511 645.4906130694002 592.4886946049602 646.7709693236623 589.5863105793918 648.9138264665194 585.6577391508204 651.4138264665194 582.0863105793918 661.4138264665194 571.729167722249 668.1995407522336 568.1577391508204 674.7620807615763 566.675875277743 679.2709693236623 565.6577391508204 692.1281121808051 564.2291677222489 706.7709693236623 564.2291677222489 715.6995407522337 570.3005962936776 719.6281121808051 581.729167722249 721.7108581137595 591.1015244205437
1 98 668.1995407522336 568.1577391508204 661.4138264665194 571.729167722249 651.4138264665194 582.0863105793918 648.9138264665194 585.6577391508204 646.7709693236623 589.5863105793918 645.4906130694002 592.4886946049602 644.1272079043156 592.5177032254938 643.7700650471727 592.5177032254938 630.9129221900298 593.9462746540653 624.8414936186012 596.0891317969224 623.2422110051871 597.5002635146408 622.7352550379478 597.2276149272179 621.376352955465 593.7548651608728 620.7787332988174 592.2276149272179 621.4309072118609 587.6623975359136 622.9526463422957 584.4015279706962 626.4309072118609 579.8363105793918 625.3439506901218 576.5754410141744 627.0830811249044 575.4884844924353 629.0396028640348 575.4884844924353 630.7787332988174 575.7058757967832 632.0830811249044 573.7493540576527 636.6482985162088 568.7493540576527 639.0474706874687 567.8265955302451 639.4743854727305 567.6623975359136 645.7787332988174 566.7928323185223 666.2135159075132 565.7058757967832 674.4743854727305 566.5754410141744 674.6917767770783 566.5754410141744 674.7620807615763 566.675875277743
1 99 575.6897530111174 625.9936564241619 573.8530183172398 628.4426360159987 573.0366917866277 636.6059013221211 570.3836305621378 643.1365135670192 566.9142428070357 646.4018196894681 518.3428142356072 653.1365135670192 465.07750811315816 654.7691666282436 452.22036525601527 653.5446768323252 450.5877121947908 650.4834523425293 450.47657998009646 649.7549189350885 449.9791222219906 646.4938069652835 449.4568102399834 643.0697617499028 448.7509775009133 638.4426360159987 448.13873260295406 628.8507992813048 448.7509775009133 622.7283503017129 449.97546729683165 619.667125811917 454.8734264805051 613.136513567019 460.17954892948467 607.4222278527334 466.30199790907653 604.1569217302844 467.5264877049949 601.7079421384476 467.5264877049949 599.258962546611 468.34281423560714 597.8303911180395 469.97546729683165 596.8099829547742 473.4448550519337 597.2181462200803 475.6897530111173 598.2385543833457 477.32240607234183 596.197738056815 479.7713856641786 592.1161054037537 484.48220337266855 585.7012795552915 490.2886549855717 582.1528924585173 494.62979119044763 581.3087826409026 501.9015582113782 579.8948279423882 512.2203652560154 578.4426360159987 533.4448550519337 576.4018196894681 543.3333869123333 576.9451456158637 552.0162836233623 577.4222278527334 560.3836305621378 579.667125811917 565.2815897458113 581.7079421384476 568.9550591335664 585.9936564241619 572.2203652560154 592.7283503017129 577.5264877049949 608.6467176486517 577.730569337648 622.5242686690599 577.6108608123934 622.7277731619928
1 100 420.10606996557635 642.9883915766267 417.68159779174226 645.9323935019966 417.06259170470673 646.6840437505397 364.45389605253285 652.3362176635832 308.1495482264458 653.857956794018 300.75824387861974 653.2057828809745 298.8017221394893 650.3796959244528 298.3669395307936 642.3362176635832 296.84520040035886 622.7710002722788 297.9287568645835 614.7526824370167 297.932156922098 614.7275220114093 299.45389605253274 608.8579567940179 301.41041779166324 606.249261141844 310.10606996557624 603.64056548967 322.7147656177502 601.4666524461918 324.6712873568806 597.9883915766267 327.06259170470673 593.64056548967 333.5843308351415 586.9014350548875 339.4538960525328 581.4666524461918 341.84520040035886 580.5970872288005 348.3669395307937 579.5101307070614 363.3669395307937 579.944913315757 374.45389605253285 580.1623046201049 385.6563763752461 580.1623046201049 388.80172213948936 580.1623046201049 390.37252612436475 580.2520648478121 396.41041779166324 580.5970872288005 404.0191134438372 583.64056548967 407.9321569220981 586.249261141844 412.06259170470673 593.64056548967 416.6278090960111 599.7275220114093 420.10606996557635 607.7710002722788 421.3362485052918 614.352006494683 422.198317470809 617.9726961498554 421.845200400359 626.249261141844
1 101 176.76013199701765 606.9291578682999 152.71884064375894 604.2443093107802 151.08618758253445 602.4075746169027 151.08618758253445 601.684209582651 151.08618758253445 597.3055338005762 152.51475901110587 589.1422684944537 154.14741207233035 586.89737053527 156.18822839886099 584.6524725760863 157.06972980143968 582.6559877962292 157.06972980143968 582.6559877962292 158.0533363588167 581.6723812388522 158.0533363588167 581.6723812388522 159.52874619488227 581.3445123863931 161.33202488340686 580.033036976557 165.5943199653741 575.4428730421308 171.49595930963642 572.9838566486882 175.4303855391446 572.0002500913112 181.49595930963642 571.1805779601636 185.92218881783316 572.1641845175407 185.55437282425095 576.8234885221735 184.73369737167448 582.113612450836 185.6261221491515 584.4934118574414 185.80512594310304 584.9707553079788 185.63076874990298 584.9901283294455 182.5908402288173 585.3278981651217 178.66226880024593 584.613612450836 178.66226880024593 584.613612450836 174.73369737167448 588.5421838794074 176.16226880024593 596.3993267365503 176.7365873810185 606.5144796745733
1 102 593.7510040039201 616.176618036083 592.1381007781138 619.402424487696 577.6108608123934 622.7277731619928 577.730569337648 622.5242686690599 577.5264877049949 608.6467176486517 572.2203652560154 592.7283503017129 568.9550591335664 585.9936564241619 565.2815897458113 581.7079421384476 560.3836305621378 579.667125811917 552.0162836233623 577.4222278527334 543.3333869123333 576.9451456158637 551.8155201329524 575.5314567457605 562.5700061821174 575.2976635707786 566.6542298103718 575.2088761005991 575.0413265845652 575.8540373909218 583.7510040039201 578.434682552212 589.5574556168234 581.9830696489863 592.7832620684362 588.434682552212 593.7510040039201 593.5959728747928 594.428172390033 598.0459365549627 596.0090685200491 608.434682552212
1 103 551.8155201329524 575.5314567457605 543.3333869123333 576.9451456158637 533.4448550519337 576.4018196894681 512.2203652560154 578.4426360159987 501.9015582113782 579.8948279423882 494.62979119044763 581.3087826409026 495.04132658456524 578.7572631973734 496.97681045553304 574.2411341651153 501.17035884262975 570.6927470683411 506.00906852004914 567.4669406167282 512.460681423275 562.3056502941475 524.3961652942427 559.402424487696 538.2671330361782 558.434682552212 544.0735846490815 559.0798438425346 548.5897136813395 561.660489003825 553.4284233587589 567.1443599715669 562.5700061821174 575.2976635707786
1 104 901.3637721780212 537.7821898835905 910.000135814385 538.236735338136 919.091044905294 537.327644429045 934.091044905294 531.8730989744995 934.091044905294 531.8730989744995 934.0928219036059 531.8701373106462 936.8183176325667 527.327644429045 936.8183176325667 527.327644429045 936.3637721780212 513.6912807926814 930.4546812689305 506.4185535199541 926.8183176325667 505.5094626108632 918.1819539962031 506.4185535199541 911.3637721780212 510.05491715631774 904.5455903598395 513.2367353381359 899.5455903598395 517.7821898835905 896.3637721780212 526.4185535199541 894.091044905294 533.236735338136 894.091044905294 537.327644429045 899.5746425274601 537.6703692804305
1 105 977.5475292104608 516.9064209157137 997.5594374008971 513.7934574194236 998.0020746650061 513.7246027338955 1012.8065310354772 509.8057760475944 1013.4566201195516 509.63369364298643 1014.3657110286425 504.179148188441 1012.5475292104608 496.45187546116824 1008.4566201195516 493.27005727935006 1001.6384383013699 491.9064209157137 991.1838928468244 494.17914818844093 976.1838928468244 495.99733000662275 976.1838928468244 495.99733000662275 973.911165574097 500.08823909753187 974.3657110286425 506.9064209157137 974.758348760268 516.7783328720502
1 106 986.4946084560825 557.4643815482043 985.7969340374777 552.5806606179717 983.9364689211986 548.6271722458787 980.4480968281755 546.9992652691345 977.8899572932917 543.7434513156461 975.0992596188731 541.8829861993671 972.7736782235243 541.4178699202973 967.1922828746871 540.9527536412276 956.0294921770126 541.6504280598322 955.331817758408 541.6504280598322 947.8899572932917 543.2783350365764 945.5643758979429 544.2085675947159 943.238794502594 548.8597303854136 941.6108875258499 552.5806606179717 939.9829805491056 558.3946141063439 938.8201898514312 565.3713582923904 938.9256263696265 568.6398903564431 940.0191101197474 568.7285512010475 950.3132277668063 568.7285512010475 961.1955807079828 569.3167864951652 968.2544042373945 570.7873747304593 970.3132277668063 576.9638453186946 970.3344888051975 577.240238817779 970.4480968281755 577.2318234086695 980.6806549677103 568.8597303854136 984.8667014793382 563.2783350365764
5 107 720.1144220128647 527.9812806817166 726.7016255645106 527.893451301028 733.6326549704376 527.8010375756156 742.1732455422765 527.6871630346577 742.9423166147952 545.505097075493 743.1803323892136 551.0194760721913 735.0624720314096 551.0906586984207 729.9657862510661 551.1353497207987 720.7026573069824 551.2165747993637 720.5845966714855 546.5531796972376 720.2136696844613 531.9015637097792
5 108 791.8791278952176 526.2165747993636 791.7940123666297 507.49423790482365 786.9047703390219 507.68472785395124 781.7583273725764 507.8852386188777 776.9863200589374 508.07116098174674 777.5632431358605 526.5326994432852 782.8701437748507 526.415511990115 787.9956454767464 526.3023302044504
5 110 988.5325875234059 423.58262976667277 1013.7825875234058 422.1437337284339 1015.011785041482 433.08023233663715 1015.011785041482 438.01153375066656 1014.7307678172999 438.0484350023268 989.2825875234058 441.1437337284339 988.4451783063712 428.59484579225597 988.5325875234059 423.58262976667277
5 111 1715.390268258124 189.38842006644433 1730.8448137126695 245.29751097553532 1712.2084500763058 250.29751097553532 1723.1175409853968 279.8429655209899 1815.8448137126697 255.75205643008076 1806.7539046217605 223.024783702808 1798.1175409853968 224.84296552098982 1790.8448137126697 203.9338746118989 1785.3902682581243 203.024783702808 1791.299359167215 226.66114733917163 1734.9357228035788 241.2066018846262 1719.9357228035788 188.9338746118989
5 112 1834.0266318944878 226.66114733917163 1840.622237374811 225.16168174934856 1854.248173526254 222.06391878442153 1920 207.11569279371707 1920 207.57023824826257 1920 307.5702382482626 1910.0523102463096 309.4178134889831 1904.1699769987185 310.5103338163168 1849.0266318944878 320.75205643008087
5 113 1675.390268258124 174.84296552098976 1639.481177349033 182.11569279371707 1643.0929906477113 199.02955019240503 1644.398812273744 205.144617319192 1658.1175409853968 269.38842006644444 1694.4811773490333 259.38842006644444 1680.0448117489118 195.45594383733572 1678.686607470438 189.44103917552295
5 114 1215.7585460104988 518.6004557020121 1218.316812986779 518.3811193833693 1221.3782545174834 518.1328943943932 1232.7698051338298 517.20925515523 1242.260770124676 516.4397174532695 1244.0464844103901 546.0825745961267 1225.5826904907194 547.2815222532481 1220.2243140341507 547.629468776402 1216.5464844103901 547.868288881841
4 115 1398.98720158795 483.04360698479036 1394.7766752721604 420.93834382689556 1372.1450963247921 422.5172911953166 1376.8819384300552 484.62255435321146
4 116 1191.738397760198 476.5603533962735 1211.2687500921313 473.9065781509917 1215.3503827451925 513.4984148856856 1205.7460131926446 515.2133757643297 1194.4656704874708 517.4694443053645
4 117 909.992970133319 450.2942919071716 925.5102115126293 450.2942919071716 925.8101621634221 428.29662781161545 925.8101621634221 423.18034874184804 926.2752784424919 408.9943022302201 909.7636505355151 408.7617440906852
4 118 389.9308645039789 530.0736440529853 390.02406486884513 530.0736440529853 408.14515021826463 530.0736440529853 406.00229307540747 496.14507262441384 388.6948681715686 496.4912211224907 388.6517743518072 496.4920829988859 388.14515021826463 496.50221548155673 388.14906787413037 496.57586741183206
4 119 1611.4693260424424 267.6380796174204 1592.9234198421243 182.5857707700274 1622.7193260424424 175.1380796174202 1629.9094454805863 203.07682943420824 1631.465711119323 209.1240330590138 1644.5943260424424 260.1380796174204
4 120 1232.7698051338298 517.20925515523 1231.9156399859078 484.32389696022625 1218.4116072349884 484.926986314257 1218.4116072349884 484.926986314257 1221.3782545174834 518.1328943943932
7 121 189.9227250061483 633.0781624315973 186.08094178936494 633.1131274665623 186.02402757736283 627.0290612631726 185.63076874990298 584.9901283294455 185.6261221491515 584.4934118574414 185.55437282425095 576.8234885221735 190.11959021555532 572.475662435217 189.26275997118316 405.38585473928947 189.0966289915812 376.41714135812344 187.31091470586694 364.6314270724091 182.89912360754678 354.4767638301985 185.17185088027404 342.65858201201667 185.62639633481953 333.1131274665621 187.89912360754678 324.022218375653 189.26275997118316 319.9313092847439 191.5966289915812 315.34571278669483 197.66805756300977 312.1314270724091 201.95377184872405 316.7742842152662 205.62639633481953 324.022218375653 205.62639633481953 330.38585473928936 203.3823432772955 334.988569929552 203.3823432772955 341.41714135812344 205.62639633481953 347.65858201201667 206.53548724391047 354.931309284744 204.71730542572865 360.3858547392894 198.73948613443832 365.3457127866949 195.62639633481953 403.56767292110766 193.80821451663775 470.3858547392896 199.0326336938162 572.2582711308692 205.11959021555532 576.3887059134779 206.28079294589418 611.3220087863494 206.99003269845593 632.6585820120171
7 122 56.30060922187704 632.5035759761377 56.01267683597142 627.8252327136712 51.07793715709971 547.6452763809957 52.130568736046996 391.8558026967851 55.81477926236278 333.434750065206 48.97267399920486 335.01369743362704 45.28846347288908 412.9084342757325 43.08654959729097 489.51034815133085 44.286549597291014 560.3103481513309 48.60792674815623 627.74306920164 48.972673999204915 633.4347500652065
7 123 388.6517743518072 496.4920829988859 388.6945258315835 496.4849577522565 388.6948681715686 496.4912211224907
7 124 390.37252612436475 580.2520648478121 390.02406486884513 530.0736440529853 389.9308645039789 530.0736440529853 388.14906787413037 496.57586741183206 384.40881154586924 497.1992434665422 385.6563763752461 580.1623046201049 388.80172213948936 580.1623046201049
7 125 737.7734414654614 595.6280136864145 737.2541250792063 587.096387340796 735.0624720314096 551.0906586984207 729.9657862510661 551.1353497207987 732.1329360023725 592.9303806388504
7 126 781.7583273725764 507.8852386188777 776.6896557017138 423.40737743783416 781.2351102471684 422.4982865287433 784.4169284289866 465.225559256016 786.9047703390219 507.68472785395124
7 127 790.7161336035773 572.7319942356966 788.6795346030073 537.9740379593021 787.9956454767464 526.3023302044504 782.8701437748507 526.415511990115 783.6279482502192 539.0455865795905 785.6615113762648 572.9383053470154
7 128 988.4451783063712 428.59484579225597 988.3967429302353 428.57742605171586 980.5825598933834 426.87130468463334 928.3967429302353 427.8797516331112 925.8101621634221 428.29662781161545 925.8550390988362 423.57015397613714 967.2339522325609 421.83324000520423 988.5325875234059 423.58262976667277 988.5325875234059 423.58262976667277
7 129 1068.5078375198964 602.9528319832891 1060.7805647926239 465.22555925601614 1058.0532920653511 450.68010471056164 1055.373487116282 449.97277488892524 1054.2106964186075 452.29835628427406 1022.3502313023284 438.11230977264614 1015.011785041482 433.08023233663715 1015.011785041482 438.01153375066656 1014.7307678172999 438.0484350023268 1014.908370837212 438.1123097726461 1053.9781382790725 455.3216120982275 1057.0013940930262 483.9262632610182 1063.322418605911 603.21428965951
7 130 1416.9701953447047 624.156848731675 1416.5817452766703 619.3665276634953 1399.6586683535934 419.36652766349476 1394.7766752721604 420.93834382689556 1398.98720158795 483.04360698479036 1409.4719355945804 621.2652471008264 1409.8273382018476 624.156848731675
4 131 1920 404.9455521335361 1914.1570085315184 317.2532444412283 1910.3026262710187 317.5434567526071 1904.2769316029976 317.9971561158463 1884.436728811238 319.4910066789905 1889.5416239161336 409.56093674892077
7 132 1644.398812273744 205.144617319192 1643.0929906477113 199.02955019240503 1642.8364551460243 199.09928799868888 1629.9094454805863 203.07682943420824 1631.465711119323 209.1240330590138
7 133 1854.248173526254 222.06391878442153 1843.8041970815084 217.80896541804367 1787.997745468605 195.8734815470759 1747.030003533121 181.6799331599791 1732.513874500863 180.71219122449523 1711.223551920218 181.6799331599791 1678.686607470438 189.44103917552295 1680.0448117489118 195.45594383733572 1684.7719390169918 194.26057832126952 1711.8687132105404 188.4541267083663 1715.390268258124 189.38842006644433 1719.9357228035788 188.9338746118989 1744.4493583718308 187.8089654180437 1771.2235519202177 196.84122348255983 1785.3902682581243 203.024783702808 1790.8448137126697 203.9338746118989 1840.622237374811 225.16168174934856
7 134 1910.3026262710187 317.5434567526071 1910.0523102463096 309.4178134889831 1904.1699769987185 310.5103338163168 1904.2769316029976 317.9971561158463
7 135 1221.3782545174834 518.1328943943932 1218.4116072349884 484.926986314257 1216.7789541737639 472.88616998772636 1211.6769133574373 473.4984148856856 1215.7585460104988 518.6004557020121 1218.316812986779 518.3811193833693
7 136 1229.100179876301 601.207828185159 1225.5826904907194 547.2815222532481 1220.2243140341507 547.629468776402 1223.718430047183 601.205914309561
1 138 1541.943294699835 517.509010408484 1523.5575120614203 519.3723050086205 1522.1289406328488 519.3723050086205 1509.6289406328488 522.2294478657634 1494.9860834899916 526.8723050086205 1489.6289406328488 533.6580192943348 1490.7003692042774 545.0865907229063 1491.4146549185632 554.7294478657634 1487.1289406328488 563.6580192943348 1477.1289406328488 566.1580192943348 1469.6289406328488 570.8008764371921 1469.271797775706 584.0151621514777 1469.6289406328488 610.0865907229063 1472.0126988154113 613.1204647734403 1473.5575120614203 615.0865907229063 1486.0575120614203 615.4437335800492 1538.9146549185632 611.5151621514777 1624.9860834899919 604.3723050086206 1625.9171759708124 598.785750123697 1626.4146549185632 595.8008764371921 1624.628940632849 525.800876437192 1622.8432263471345 519.3723050086205 1615.3432263471345 517.9437335800491 1584.271797775706 518.300876437192 1554.628940632849 518.6580192943348 1549.628940632849 518.300876437192
1 139 1769.5434777086766 574.0072773368017 1793.414445450612 569.813728949705 1794.382187386096 563.6846966916405 1791.4789615796444 556.5879224980921 1787.6079938377088 549.813728949705 1784.0596067409347 546.5879224980921 1776.9628325473861 543.3621160464792 1765.0273486764186 544.0072773368017 1767.9551186623937 573.3279729518155 1768.0582862692354 574.7833248356578
1 140 732.1329360023725 592.9303806388504 729.9657862510661 551.1353497207987 720.7026573069824 551.2165747993637 720.5845966714855 546.5531796972376 715.8998559096422 546.5531796972376 706.7822088508187 548.9061208737082 692.6645617919951 550.0825914619435 687.6645617919951 550.3767091090024 685.3116206155246 548.3178855795906 679.7233853214069 544.7884738148847 672.958679439054 541.8472973442964 667.3704441449363 541.2590620501788 657.3704441449363 543.0237679325318 647.6645617919951 545.6708267560612 638.2527970861128 555.3767091090024 639.0474706874687 567.8265955302451 639.4743854727305 567.6623975359136 645.7787332988174 566.7928323185223 666.2135159075132 565.7058757967832 674.4743854727305 566.5754410141744 674.6917767770783 566.5754410141744 674.7620807615763 566.675875277743 679.2709693236623 565.6577391508204 692.1281121808051 564.2291677222489 706.7709693236623 564.2291677222489 715.6995407522337 570.3005962936776 719.6281121808051 581.729167722249 721.7108581137595 591.1015244205437 731.2700650471727 592.5177032254938
1 141 785.6615113762648 572.9383053470154 783.6279482502192 539.0455865795905 783.3354957218211 539.1076219644021 775.1959608381001 541.2006452202161 770.0796817683326 542.8285521969602 766.8238678148443 544.4564591737045 759.723385321407 544.7884738148847 750.0175029684658 544.4943561678258 742.9423166147952 545.505097075493 743.1803323892136 551.0194760721913 735.0624720314096 551.0906586984207 737.2541250792063 587.096387340796 738.2527970861129 584.200238520767 742.3704441449363 577.1414149913553 748.2527970861129 575.0825914619436 761.7822088508187 572.729650285473 769.8712628656529 573.6813036989829 770.3705479234305 573.5624263042739
1 142 828.8410323802306 557.7296502854729 828.2192166520537 531.6657614992858 819.8471236287978 531.6657614992858 819.1494492101932 531.4332033597509 813.8006120008909 531.4332033597509 810.5447980474025 533.29366847603 808.9168910706583 535.3866917318439 806.5913096753095 538.1773894062626 801.9401468846117 538.4099475457974 798.6843329311234 538.4099475457974 791.0099143264722 537.479714987658 788.6795346030073 537.9740379593021 790.7161336035773 572.7319942356966 799.1940773351953 572.3859557160387 809.0363486354833 572.870001845561 820.0175029684658 568.6120032266494 828.5469147331717 562.1414149913553
11 143 768.0625754071971 745.193692385202 719.462487141342 747.1693057293425 573.2124871413416 749.0443057293426 398.2124871413414 748.4193057293426 246.96248714134117 744.0443057293425 138.71139488980427 737.9406548095145 66.35845371333366 733.823007750691 0 727.1693057293425 0 755.2626602766452 173.65222528370884 769.2626602766452 387.6522252837094 774.2626602766452 519.6522252837098 777.2626602766452 746.057268285023 771.2366705389677
11 144 1920 657.2269116927971 1920 566.6019116927971 1856.562445873859 572.8519116927971 1701.5624458738585 592.2269116927971 1625.9171759708124 598.785750123697 1624.9860834899919 604.3723050086206 1538.9146549185632 611.5151621514777 1486.0575120614203 615.4437335800492 1473.5575120614203 615.0865907229063 1472.0126988154113 613.1204647734403 1435.3124458738578 616.6019116927971 1421.5624458738578 617.8519116927971 1434.6874458738578 624.1019116927971 1454.0624458738578 635.3519116927971 1227.1874458738575 650.3519116927972 1106.5624458738573 649.7269116927972 1058.4374458738573 621.6019116927971 1048.4374458738573 609.7269116927971 1042.1874458738573 599.7269116927971 1030.9374458738573 564.101911692797 1023.4374458738572 550.351911692797 1018.4374458738572 525.9769116927969 1013.4374458738572 509.7269116927969 1012.8065310354772 509.8057760475944 998.0020746650061 513.7246027338955 997.5594374008971 513.7934574194236 973.4374458738571 525.3519116927969 947.8124458738571 532.8519116927969 934.6874458738571 532.2269116927969 934.0928219036059 531.8701373106462 934.091044905294 531.8730989744995 919.091044905294 537.327644429045 910.000135814385 538.236735338136 901.3637721780212 537.7821898835905 899.5746425274601 537.6703692804305 895.937445873857 540.9769116927969 898.437445873857 552.226911692797 840.3124458738569 582.226911692797 832.3394998182462 583.5557360353988 833.8999596881365 587.3859557160387 837.7234890999011 587.3859557160387 842.4293714528424 590.3271321866268 843.6058420410777 592.3859557160387 842.7234890999011 594.7388968925093 840.3705479234306 597.0918380689799 838.0176067469599 596.797720421921 838.6058420410777 599.1506615983916 840.6646655704894 604.1506615983916 841.8411361587247 609.4447792454505 841.8411361587247 617.0918380689799 841.5470185116659 632.0918380689799 841.5470185116659 639.1506615983916 836.4923966629265 642.4523422706607 832.8923966629264 645.2523422706606 831.6923966629265 645.2523422706606 770.6408980786204 645.6412053189684 771.2700650471727 666.0891317969225 769.8414936186014 686.0891317969225 752.6986364757443 700.7319889397797 736.6272079043156 719.6605603683511 726.9843507614585 724.3034175112083 608.4129221900298 727.517703225494 586.9843507614584 725.7319889397797 579.1272079043156 722.8748460826369 574.8414936186011 713.5891317969225 571.6272079043155 677.8748460826369 571.6272079043155 654.3034175112082 577.698636475744 642.517703225494 583.4129221900298 635.3748460826367 593.0557793328869 629.3034175112082 600.9129221900298 623.2319889397796 606.6272079043156 616.0891317969224 611.6272079043156 608.2319889397796 618.7700650471727 601.4462746540653 623.2422110051871 597.5002635146408 622.7352550379478 597.2276149272179 621.376352955465 593.7548651608728 603.4374458738566 597.226911692797 594.428172390033 598.0459365549627 596.0090685200491 608.434682552212 593.7510040039201 616.176618036083 592.1381007781138 619.402424487696 577.6108608123934 622.7277731619928 575.6897530111174 625.9936564241619 573.8530183172398 628.4426360159987 573.0366917866277 636.6059013221211 570.3836305621378 643.1365135670192 566.9142428070357 646.4018196894681 518.3428142356072 653.1365135670192 465.07750811315816 654.7691666282436 452.22036525601527 653.5446768323252 450.5877121947908 650.4834523425293 450.47657998009646 649.7549189350885 431.9466890074515 651.764184221279 317.53492430156905 665.293595985985 219.29963018392195 679.7053606918674 111.35845371333366 694.4112430448085 0.18198312509835546 714.9994783389262 0 709.9994783389259 107.534924301569 689.4112430448082 192.53492430156905 679.1171253977494 288.4172772427455 666.764184221279 389.29963018392203 652.0583018683378 449.9791222219906 646.4938069652835 449.4568102399834 643.0697617499028 417.68159779174226 645.9323935019966 417.06259170470673 646.6840437505397 364.45389605253285 652.3362176635832 308.1495482264458 653.857956794018 300.75824387861974 653.2057828809745 298.8017221394893 650.3796959244528 298.3669395307936 642.3362176635832 296.84520040035886 622.7710002722788 297.9287568645835 614.7526824370167 243.6275870020778 614.0019750195627 213.33346935501896 611.0607985489745 206.28079294589418 611.3220087863494 206.99003269845593 632.6585820120171 189.9227250061483 633.0781624315973 186.08094178936494 633.1131274665623 186.02402757736283 627.0290612631726 176.86288111972482 627.2372691372098 177.45111641384244 606.6490338430921 176.7365873810185 606.5144796745733 176.76013199701765 606.9291578682999 152.71884064375894 604.2443093107802 151.08618758253445 602.4075746169027 151.08618758253445 601.684209582651 132.1569987667836 598.1196220783862 98.92170464913653 597.5313867842685 98.62758700207775 616.943151490151 134.80405759031305 621.6490338430921 135.0981752373719 624.2960926666216 130.6864105314895 627.8255044313274 120.39229288443067 630.178445607798 98.82632649787627 630.953712987477 56.32632649787615 627.828712987477 56.01267683597142 627.8252327136712 56.30060922187704 632.5035759761377 48.972673999204915 633.4347500652065 48.60792674815623 627.74306920164 0 627.203712987477 0 722.6465371624556 73.41727724274546 728.5288901036321 202.82904194862783 736.7641842212792 385.1819831250985 743.2347724565733 502.82904194862806 743.5288901036324 604.72093384052 743.5447883548246 714.1803932999799 741.1123559223923 772.2219122345945 740.2711744885573 778.778481673126 732.511564786075 791.6356245302688 716.0829933575036 806.9927673874117 692.511564786075 834.4927673874117 664.2972790717893 855.2070531016975 645.3687076432178 862.1757992131066 639.0743563167838 859.0374760926452 639.063041367815 873.1451981003671 616.7614969662707 886.7451981003671 617.5614969662706 886.345198100367 639.1614969662706 870.9703072978443 639.1060641449344 853.5341207708705 658.080737718406 829.323594455081 688.080737718406 813.0078049813967 712.8175798236692 793.1244188936681 739.8500485496824 879.5857987053856 736.2474910575278 1015.802014921602 728.6799234899602 1114.720933840521 722.1934370034737 1216.8830960026833 713.544788354825 1325.8020149216022 702.1934370034736 1421.477690597278 690.8420856521223 1427.6407221716952 689.925134202028 1231.1596717845773 653.3625735212947 1360.633355995104 643.8888893107685 1491.1596717845778 632.3099419423473 1594.8438823108936 638.0994156265579 1894.3175665214203 655.9941524686632 1763.3395068730142 688.4961154184529 1859.062445873859 669.7269116927971
-1 144 190.27925736788313 644.3629599038006 1.0495343047019787 656.492545647319 0 647.213598278898 119.47925736788306 639.9629599038005
-1 144 1058.7451981003674 633.1614969662706 994.7451981003672 635.1614969662706 988.9823429833526 632.6402478525767 989.4308748256299 645.1991394363416 987.666168943277 650.7873747304593 984.7249924726887 653.7285512010476 900.6073454138651 655.7873747304593 892.9602865903357 654.0226688481064 889.7249924726887 651.0814923775181 888.5485218844533 644.9050217892828 887.666168943277 621.3756100245769 888.5485218844533 602.846198259871 885.6073454138651 598.4344335539887 885.6073454138651 593.4344335539887 886.4896983550416 590.7873747304593 887.0779336491593 588.4344335539887 891.7838160021004 588.1403159069298 896.4896983550416 588.1403159069298 899.7249924726887 585.7873747304593 901.7838160021004 577.846198259871 903.2544042373945 571.9638453186946 905.0191101197474 568.4344335539887 908.5485218844533 567.846198259871 919.1367571785711 568.1403159069298 929.1367571785711 567.846198259871 938.9256263696265 568.6398903564431 938.8201898514312 565.3713582923904 939.9829805491056 558.3946141063439 941.6108875258499 552.5806606179717 943.238794502594 548.8597303854136 945.5643758979429 544.2085675947159 947.8899572932917 543.2783350365764 955.331817758408 541.6504280598322 956.0294921770126 541.6504280598322 967.1922828746871 540.9527536412276 972.7736782235243 541.4178699202973 975.0992596188731 541.8829861993671 977.8899572932917 543.7434513156461 980.4480968281755 546.9992652691345 983.9364689211986 548.6271722458787 985.7969340374777 552.5806606179717 986.4946084560825 557.4643815482043 984.8667014793382 563.2783350365764 980.6806549677103 568.8597303854136 970.4480968281755 577.2318234086695 970.3344888051975 577.240238817779 970.901463060924 584.610904142224 977.0779336491593 588.1403159069298 982.666168943277 588.1403159069298 985.6073454138652 590.4932570834004 987.3720512962182 593.4344335539887 987.0779336491593 596.6697276716358 981.4896983550416 596.6697276716358 982.666168943277 599.3167864951652 988.2544042373945 615.1991394363416 988.3215889701784 616.7443882903701 1031.9451981003672 614.7614969662707
11 145 1920 837.2626602766452 1920 795.3519116927973 1774.0624458738585 772.8519116927972 1727.1874458738585 752.8519116927972 1708.4374458738585 742.8519116927971 1702.8124458738585 733.4769116927971 1702.8124458738585 722.8519116927971 1704.6874458738585 709.7269116927971 1712.7435338680784 698.9854610338373 1601.6859875740515 720.7309945739264 1586.9491454687886 717.0467840476106 1533.7912507319465 709.6783629949789 1442.7567769294053 692.7380348265061 1277.5874871413425 712.7943057293423 1081.9624871413425 729.0443057293423 873.2124871413421 740.9193057293423 789.8452702085349 744.3082169867736 770.5172449810394 770.5856445432562 782.6522252837104 770.2626602766452 921.652225283711 762.2626602766451 1129.6522252837117 747.262660276645 1283.652225283712 730.262660276645 1433.6522252837121 711.262660276645
11 146 1920 1080 1920 930.3987215837597 1655.7969621258162 1044.8451501551879 1533.8651904419282 1079.505958349593 1534.0048979264525 1080
2 147 1134.8495699340049 587.8871560536973 1135.9209985054335 584.6728703394115 1139.492427076862 581.1014417679829 1141.992427076862 579.3157274822686 1140.5638556482907 576.4585846251258 1138.7781413625764 572.5300131965544 1140.5638556482907 568.6014417679829 1143.4209985054335 567.5300131965544 1148.7781413625764 569.3157274822686 1150.2067127911478 572.8871560536973 1151.6352842197193 581.8157274822686 1153.4209985054335 592.5300131965544 1154.2047282546484 593.61712220353 1153.633893169795 595.3296274580903 1152.6661512343112 599.2005952000258 1152.3435705891497 604.3618855226064 1155.2467963956015 617.9102726193806 1157.168778420324 626.6465545499377 1144.5176976073224 626.6465545499377 1144.2790544601175 625.6522081032515 1144.2790544601175 618.8780145548644 1143.633893169795 612.1038210064773 1138.7951834923756 606.9425306838967 1136.2145383310854 596.9425306838967 1134.0920092161734 593.0006908990603
9 148 111.38248844160353 836.7727817341352 106.64564633634035 826.2464659446614 98.75090949423509 816.772781734135 78.22459370476133 811.5096238393983 0 803.2626602766453 0 871.7264417679849 0.275521799643951 871.948710757797
9 149 184.73369737167448 582.113612450836 185.55437282425095 576.8234885221735 185.6261221491515 584.4934118574414
9 150 186.02402757736283 627.0290612631726 185.63076874990298 584.9901283294455 182.5908402288173 585.3278981651217 178.66226880024593 584.613612450836 174.73369737167448 588.5421838794074 176.16226880024593 596.3993267365503 176.7365873810185 606.5144796745733 177.45111641384244 606.6490338430921 176.86288111972482 627.2372691372098
9 151 769.8712628656529 573.6813036989829 761.7822088508187 572.729650285473 748.2527970861129 575.0825914619436 742.3704441449363 577.1414149913553 738.2527970861129 584.200238520767 737.2541250792063 587.096387340796 737.7734414654614 595.6280136864145 739.4843507614585 596.4462746540653 752.5424125620551 607.1829032456669 753.6058420410776 599.7388968925093 756.252900864607 594.7388968925093 758.8999596881364 587.9741910101563 761.5470185116658 580.0330145395681 762.7234890999011 577.0918380689798 764.1940773351953 575.0330145395681
9 153 1791.299359167215 226.66114733917163 1785.3902682581243 203.024783702808 1771.2235519202177 196.84122348255983 1744.4493583718308 187.8089654180437 1719.9357228035788 188.9338746118989 1734.9357228035788 241.2066018846262
9 154 1920 404.9455521335361 1920 307.5702382482626 1910.0523102463096 309.4178134889831 1910.3026262710187 317.5434567526071 1914.1570085315184 317.2532444412283
9 156 1920 795.3519116927973 1920 657.2269116927971 1859.062445873859 669.7269116927971 1763.3395068730142 688.4961154184529 1752.2123033635255 691.2573103634 1712.7435338680784 698.9854610338373 1704.6874458738585 709.7269116927971 1702.8124458738585 722.8519116927971 1702.8124458738585 733.4769116927971 1708.4374458738585 742.8519116927971 1727.1874458738585 752.8519116927972 1774.0624458738585 772.8519116927972
4 157 726.7016255645106 527.893451301028 724.5668329537029 489.82298307496063 724.5515679360351 489.5507569265508 713.351567936035 490.7507569265508 714.9515679360351 528.3507569265508 720.1144220128647 527.9812806817166
7 158 733.6326549704376 527.8010375756156 730.9515679360352 488.3507569265508 729.351567936035 488.3507569265508 724.5668329537029 489.82298307496063 726.7016255645106 527.893451301028
7 238 423.2328002294297 604.8692478739933 420.2008905373421 558.9943324837926 420.2008905373421 558.6371896266498 415.66402417789504 499.14423028074935 418.41402417789504 490.14423028074935 418.41402417789504 484.64423028074935 416.41402417789504 481.64423028074935 410.66402417789504 482.39423028074935 408.91402417789504 483.89423028074935 410.91402417789504 489.89423028074935 413.16402417789504 499.14423028074935 417.66402417789504 589.3942302807493 417.54314505701586 600.903730632614 420.1293519535676 607.9726961498554 421.3362485052918 614.352006494683 422.198317470809 617.9726961498554
3 766 1158.665359407689 599.8044492867798 1172.8758857234784 602.4360282341482 1178.1390436182155 607.1728703394114 1180.7706225655838 611.3833966552008 1178.1390436182155 622.4360282341482 1171.8232541445313 626.6465545499377 1157.168778420324 626.6465545499377 1155.2467963956015 617.9102726193806 1152.3435705891497 604.3618855226064 1152.6661512343112 599.2005952000258 1153.633893169795 595.3296274580903 1154.2047282546484 593.61712220353
3 767 1142.3495699340049 626.6465545499377 1137.7067127911478 627.1728703394115 1126.2781413625764 625.7442989108401 1121.992427076862 624.3157274822687 1121.2781413625764 621.4585846251258 1121.6352842197193 611.1014417679829 1122.7067127911478 606.8157274822687 1124.8495699340049 602.5300131965544 1130.2067127911478 601.1014417679829 1133.4209985054335 597.5300131965544 1134.0920092161734 593.0006908990603 1136.2145383310854 596.9425306838967 1138.7951834923756 606.9425306838967 1143.633893169795 612.1038210064773 1144.2790544601175 618.8780145548644 1144.2790544601175 625.6522081032515 1144.5176976073224 626.6465545499377
7 768 1468.7968923098742 556.2095802726781 1464.7059832189652 489.39139845449637 1456.5241650371468 423.93685299995093 1460.615074128056 416.20958027267824 1461.5241650371468 412.1186711817692 1462.8878014007832 404.84594390904186 1463.7968923098742 393.48230754540555 1464.2514377644197 388.02776209086005 1462.4332559462378 378.936852999951 1459.7059832189652 371.66412572722373 1451.2602354183782 357.8078207418864 1449.6473321925719 353.6142723547896 1448.0344289667655 356.8400788064025 1447.711848321604 368.77556267737026 1444.4860418699914 375.22717558059605 1441.905396708701 378.77556267737026 1439.0021709022494 386.19491751607995 1440.2924934828945 400.711046548338 1446.0989450957977 413.9368529999509 1450.6150741280558 426.5174981612412 1460.2026317317425 530.2386963179231 1461.0026317317424 581.438696317923 1457.4026317317425 589.038696317923 1453.4026317317425 593.838696317923 1459.1557439845153 592.9320683109556 1469.3986242894455 593.2734976544533 1469.271797775706 584.0151621514777 1469.6289406328488 570.8008764371921
5 769 926.5672328243501 444.8052594504582 927.3950882471024 428.04118713972395 928.3967429302353 427.8797516331112 979.6143233063856 426.8900150409789 980.0454936939153 442.1965637982843
9 771 1856.562445873859 572.8519116927971 1701.5624458738585 592.2269116927971 1625.9171759708124 598.785750123697 1626.4146549185632 595.8008764371921 1624.628940632849 525.800876437192 1622.8432263471345 519.3723050086205 1615.3432263471345 517.9437335800491 1584.271797775706 518.300876437192 1554.628940632849 518.6580192943348 1549.628940632849 518.300876437192 1541.943294699835 517.509010408484 1523.5575120614203 519.3723050086205 1522.1289406328488 519.3723050086205 1509.6289406328488 522.2294478657634 1494.9860834899916 526.8723050086205 1489.6289406328488 533.6580192943348 1490.7003692042774 545.0865907229063 1491.4146549185632 554.7294478657634 1487.1289406328488 563.6580192943348 1477.1289406328488 566.1580192943348 1469.6289406328488 570.8008764371921 1468.7968923098742 556.2095802726781 1464.7059832189652 489.39139845449637 1456.5241650371468 423.93685299995093 1460.615074128056 416.20958027267824 1461.5241650371468 412.1186711817692 1462.8878014007832 404.84594390904186 1463.7968923098742 393.48230754540555 1464.2514377644197 388.02776209086005 1462.4332559462378 378.936852999951 1459.7059832189652 371.66412572722373 1451.2602354183782 357.8078207418864 1449.6473321925719 353.6142723547896 1448.0344289667655 356.8400788064025 1447.711848321604 368.77556267737026 1444.4860418699914 375.22717558059605 1441.905396708701 378.77556267737026 1439.0021709022494 386.19491751607995 1440.2924934828945 400.711046548338 1446.0989450957977 413.9368529999509 1450.6150741280558 426.5174981612412 1460.2026317317425 530.2386963179231 1461.0026317317424 581.438696317923 1457.4026317317425 589.038696317923 1453.4026317317425 593.838696317923 1459.1557439845153 592.9320683109556 1469.3986242894455 593.2734976544533 1469.6289406328488 610.0865907229063 1472.0126988154113 613.1204647734403 1435.3124458738578 616.6019116927971 1421.5624458738578 617.8519116927971 1434.6874458738578 624.1019116927971 1454.0624458738578 635.3519116927971 1227.1874458738575 650.3519116927972 1106.5624458738573 649.7269116927972 1058.4374458738573 621.6019116927971 1048.4374458738573 609.7269116927971 1042.1874458738573 599.7269116927971 1030.9374458738573 564.101911692797 1023.4374458738572 550.351911692797 1018.4374458738572 525.9769116927969 1013.4374458738572 509.7269116927969 1012.8065310354772 509.8057760475944 1013.4566201195516 509.63369364298643 1014.3657110286425 504.179148188441 1012.5475292104608 496.45187546116824 1008.4566201195516 493.27005727935006 1001.6384383013699 491.9064209157137 991.1838928468244 494.17914818844093 976.1838928468244 495.99733000662275 973.911165574097 500.08823909753187 974.3657110286425 506.9064209157137 974.758348760268 516.7783328720502 977.5475292104608 516.9064209157137 997.5594374008971 513.7934574194236 973.4374458738571 525.3519116927969 947.8124458738571 532.8519116927969 934.6874458738571 532.2269116927969 934.0928219036059 531.8701373106462 936.8183176325667 527.327644429045 936.3637721780212 513.6912807926814 930.4546812689305 506.4185535199541 926.8183176325667 505.5094626108632 918.1819539962031 506.4185535199541 911.3637721780212 510.05491715631774 904.5455903598395 513.2367353381359 899.5455903598395 517.7821898835905 896.3637721780212 526.4185535199541 894.091044905294 533.236735338136 894.091044905294 537.327644429045 899.5746425274601 537.6703692804305 895.937445873857 540.9769116927969 898.437445873857 552.226911692797 840.3124458738569 582.226911692797 832.3394998182462 583.5557360353988 830.6646655704894 579.4447792454504 827.1352538057836 576.5036027748622 824.1940773351953 575.3271321866268 817.1352538057836 573.2683086572151 809.0363486354833 572.870001845561 820.0175029684658 568.6120032266494 828.5469147331717 562.1414149913553 828.8410323802306 557.7296502854729 828.2192166520537 531.6657614992858 819.8471236287978 531.6657614992858 819.1494492101932 531.4332033597509 813.8006120008909 531.4332033597509 810.5447980474025 533.29366847603 808.9168910706583 535.3866917318439 806.5913096753095 538.1773894062626 801.9401468846117 538.4099475457974 798.6843329311234 538.4099475457974 791.0099143264722 537.479714987658 788.6795346030073 537.9740379593021 787.9956454767464 526.3023302044504 791.8791278952176 526.2165747993636 791.7940123666297 507.49423790482365 786.9047703390219 507.68472785395124 784.4169284289866 465.225559256016 781.2351102471684 422.4982865287433 776.6896557017138 423.40737743783416 781.7583273725764 507.8852386188777 776.9863200589374 508.07116098174674 777.5632431358605 526.5326994432852 782.8701437748507 526.415511990115 783.6279482502192 539.0455865795905 783.3354957218211 539.1076219644021 775.1959608381001 541.2006452202161 770.0796817683326 542.8285521969602 766.8238678148443 544.4564591737045 759.723385321407 544.7884738148847 750.0175029684658 544.4943561678258 742.9423166147952 545.505097075493 742.1732455422765 527.6871630346577 733.6326549704376 527.8010375756156 730.9515679360352 488.3507569265508 729.351567936035 488.3507569265508 724.5668329537029 489.82298307496063 724.5515679360351 489.5507569265508 713.351567936035 490.7507569265508 714.9515679360351 528.3507569265508 720.1144220128647 527.9812806817166 720.5845966714855 546.5531796972376 715.8998559096422 546.5531796972376 706.7822088508187 548.9061208737082 692.6645617919951 550.0825914619435 687.6645617919951 550.3767091090024 685.3116206155246 548.3178855795906 679.7233853214069 544.7884738148847 672.958679439054 541.8472973442964 667.3704441449363 541.2590620501788 657.3704441449363 543.0237679325318 647.6645617919951 545.6708267560612 638.2527970861128 555.3767091090024 639.0474706874687 567.8265955302451 636.6482985162088 568.7493540576527 632.0830811249044 573.7493540576527 630.7787332988174 575.7058757967832 629.0396028640348 575.4884844924353 627.0830811249044 575.4884844924353 625.3439506901218 576.5754410141744 626.4309072118609 579.8363105793918 622.9526463422957 584.4015279706962 621.4309072118609 587.6623975359136 620.7787332988174 592.2276149272179 621.376352955465 593.7548651608728 603.4374458738566 597.226911692797 594.428172390033 598.0459365549627 593.7510040039201 593.5959728747928 592.7832620684362 588.434682552212 589.5574556168234 581.9830696489863 583.7510040039201 578.434682552212 575.0413265845652 575.8540373909218 566.6542298103718 575.2088761005991 562.5700061821174 575.2976635707786 553.4284233587589 567.1443599715669 548.5897136813395 561.660489003825 544.0735846490815 559.0798438425346 538.2671330361782 558.434682552212 524.3961652942427 559.402424487696 512.460681423275 562.3056502941475 506.00906852004914 567.4669406167282 501.17035884262975 570.6927470683411 496.97681045553304 574.2411341651153 495.04132658456524 578.7572631973734 494.62979119044763 581.3087826409026 490.2886549855717 582.1528924585173 484.48220337266855 585.7012795552915 479.7713856641786 592.1161054037537 477.32240607234183 596.197738056815 475.6897530111173 598.2385543833457 473.4448550519337 597.2181462200803 469.97546729683165 596.8099829547742 468.34281423560714 597.8303911180395 467.5264877049949 599.258962546611 467.5264877049949 601.7079421384476 466.30199790907653 604.1569217302844 460.17954892948467 607.4222278527334 454.8734264805051 613.136513567019 449.97546729683165 619.667125811917 448.7509775009133 622.7283503017129 448.13873260295406 628.8507992813048 448.7509775009133 638.4426360159987 449.4568102399834 643.0697617499028 417.68159779174226 645.9323935019966 420.10606996557635 642.9883915766267 421.845200400359 626.249261141844 422.198317470809 617.9726961498554 423.2328002294297 604.8692478739933 420.2008905373421 558.9943324837926 420.2008905373421 558.6371896266498 415.66402417789504 499.14423028074935 418.41402417789504 490.14423028074935 418.41402417789504 484.64423028074935 416.41402417789504 481.64423028074935 410.66402417789504 482.39423028074935 408.91402417789504 483.89423028074935 410.91402417789504 489.89423028074935 413.16402417789504 499.14423028074935 417.66402417789504 589.3942302807493 417.54314505701586 600.903730632614 419.77801029729784 607.0123622893848 416.6278090960111 599.7275220114093 412.06259170470673 593.64056548967 407.9321569220981 586.249261141844 404.0191134438372 583.64056548967 396.41041779166324 580.5970872288005 390.37252612436475 580.2520648478121 390.02406486884513 530.0736440529853 408.14515021826463 530.0736440529853 406.00229307540747 496.14507262441384 388.6948681715686 496.4912211224907 388.6945258315835 496.4849577522565 388.6517743518072 496.4920829988859 388.14515021826463 496.50221548155673 388.14906787413037 496.57586741183206 384.40881154586924 497.1992434665422 385.6563763752461 580.1623046201049 374.45389605253285 580.1623046201049 363.3669395307937 579.944913315757 348.3669395307937 579.5101307070614 341.84520040035886 580.5970872288005 339.4538960525328 581.4666524461918 333.5843308351415 586.9014350548875 327.06259170470673 593.64056548967 324.6712873568806 597.9883915766267 322.7147656177502 601.4666524461918 310.10606996557624 603.64056548967 301.41041779166324 606.249261141844 299.45389605253274 608.8579567940179 297.932156922098 614.7275220114093 297.9287568645835 614.7526824370167 243.6275870020778 614.0019750195627 213.33346935501896 611.0607985489745 206.28079294589418 611.3220087863494 205.11959021555532 576.3887059134779 199.0326336938162 572.2582711308692 193.80821451663775 470.3858547392896 195.62639633481953 403.56767292110766 198.73948613443832 365.3457127866949 204.71730542572865 360.3858547392894 206.53548724391047 354.931309284744 205.62639633481953 347.65858201201667 203.3823432772955 341.41714135812344 203.3823432772955 334.988569929552 205.62639633481953 330.38585473928936 205.62639633481953 324.022218375653 201.95377184872405 316.7742842152662 197.66805756300977 312.1314270724091 191.5966289915812 315.34571278669483 189.26275997118316 319.9313092847439 187.89912360754678 324.022218375653 185.62639633481953 333.1131274665621 185.17185088027404 342.65858201201667 182.89912360754678 354.4767638301985 187.31091470586694 364.6314270724091 189.0966289915812 376.41714135812344 189.26275997118316 405.38585473928947 190.11959021555532 572.475662435217 185.55437282425095 576.8234885221735 185.92218881783316 572.1641845175407 181.49595930963642 571.1805779601636 175.4303855391446 572.0002500913112 171.49595930963642 572.9838566486882 165.5943199653741 575.4428730421308 161.33202488340686 580.033036976557 159.52874619488227 581.3445123863931 158.0533363588167 581.6723812388522 157.06972980143968 582.6559877962292 156.18822839886099 584.6524725760863 154.14741207233035 586.89737053527 152.51475901110587 589.1422684944537 151.08618758253445 597.3055338005762 151.08618758253445 601.684209582651 132.1569987667836 598.1196220783862 98.92170464913653 597.5313867842685 98.62758700207775 616.943151490151 134.80405759031305 621.6490338430921 135.0981752373719 624.2960926666216 130.6864105314895 627.8255044313274 120.39229288443067 630.178445607798 98.82632649787627 630.953712987477 56.32632649787615 627.828712987477 56.01267683597142 627.8252327136712 51.07793715709971 547.6452763809957 52.130568736046996 391.8558026967851 55.81477926236278 333.434750065206 48.97267399920486 335.01369743362704 45.28846347288908 412.9084342757325 43.08654959729097 489.51034815133085 44.286549597291014 560.3103481513309 48.60792674815623 627.74306920164 0 627.203712987477 0 0 1920 0 1920 207.11569279371707 1854.248173526254 222.06391878442153 1843.8041970815084 217.80896541804367 1787.997745468605 195.8734815470759 1747.030003533121 181.6799331599791 1732.513874500863 180.71219122449523 1711.223551920218 181.6799331599791 1678.686607470438 189.44103917552295 1675.390268258124 174.84296552098976 1639.481177349033 182.11569279371707 1643.0929906477113 199.02955019240503 1642.8364551460243 199.09928799868888 1629.9094454805863 203.07682943420824 1622.7193260424424 175.1380796174202 1592.9234198421243 182.5857707700274 1611.4693260424424 267.6380796174204 1644.5943260424424 260.1380796174204 1631.465711119323 209.1240330590138 1644.398812273744 205.144617319192 1658.1175409853968 269.38842006644444 1694.4811773490333 259.38842006644444 1680.0448117489118 195.45594383733572 1684.7719390169918 194.26057832126952 1711.8687132105404 188.4541267083663 1715.390268258124 189.38842006644433 1730.8448137126695 245.29751097553532 1712.2084500763058 250.29751097553532 1723.1175409853968 279.8429655209899 1815.8448137126697 255.75205643008076 1806.7539046217605 223.024783702808 1798.1175409853968 224.84296552098982 1790.8448137126697 203.9338746118989 1840.622237374811 225.16168174934856 1834.0266318944878 226.66114733917163 1849.0266318944878 320.75205643008087 1904.1699769987185 310.5103338163168 1904.2769316029976 317.9971561158463 1884.436728811238 319.4910066789905 1889.5416239161336 409.56093674892077 1920 404.9455521335361 1920 566.6019116927971
-1 771 926.2752784424919 408.9943022302201 909.7636505355151 408.7617440906852 909.992970133319 450.2942919071716 925.5102115126293 450.2942919071716 925.8101621634221 428.29662781161545 925.8101621634221 423.18034874184804
-1 771 1178.1390436182155 622.4360282341482 1180.7706225655838 611.3833966552008 1178.1390436182155 607.1728703394114 1172.8758857234784 602.4360282341482 1158.665359407689 599.8044492867798 1153.4209985054335 592.5300131965544 1151.6352842197193 581.8157274822686 1150.2067127911478 572.8871560536973 1148.7781413625764 569.3157274822686 1143.4209985054335 567.5300131965544 1140.5638556482907 568.6014417679829 1138.7781413625764 572.5300131965544 1140.5638556482907 576.4585846251258 1141.992427076862 579.3157274822686 1139.492427076862 581.1014417679829 1135.9209985054335 584.6728703394115 1134.8495699340049 587.8871560536973 1133.4209985054335 597.5300131965544 1130.2067127911478 601.1014417679829 1124.8495699340049 602.5300131965544 1122.7067127911478 606.8157274822687 1121.6352842197193 611.1014417679829 1121.2781413625764 621.4585846251258 1121.992427076862 624.3157274822687 1126.2781413625764 625.7442989108401 1137.7067127911478 627.1728703394115 1142.3495699340049 626.6465545499377 1171.8232541445313 626.6465545499377
-1 771 1244.0464844103901 546.0825745961267 1242.260770124676 516.4397174532695 1232.7698051338298 517.20925515523 1231.9156399859078 484.32389696022625 1218.4116072349884 484.926986314257 1216.7789541737639 472.88616998772636 1211.6769133574373 473.4984148856856 1214.9119851639387 509.24595834752205 1211.2687500921313 473.9065781509917 1191.738397760198 476.5603533962735 1194.4656704874708 517.4694443053645 1205.7460131926446 515.2133757643297 1215.2976745876758 513.507826479818 1215.7585460104988 518.6004557020121 1216.5464844103901 547.868288881841 1220.2243140341507 547.629468776402 1223.718430047183 601.205914309561 1229.100179876301 601.207828185159 1225.5826904907194 547.2815222532481
-1 771 1416.9701953447047 624.156848731675 1416.5817452766703 619.3665276634953 1399.6586683535934 419.36652766349476 1394.7766752721604 420.93834382689556 1372.1450963247921 422.5172911953166 1376.8819384300552 484.62255435321146 1398.98720158795 483.04360698479036 1409.4719355945804 621.2652471008264 1409.8273382018476 624.156848731675
-1 771 1794.382187386096 563.6846966916405 1791.4789615796444 556.5879224980921 1787.6079938377088 549.813728949705 1784.0596067409347 546.5879224980921 1776.9628325473861 543.3621160464792 1765.0273486764186 544.0072773368017 1767.9551186623937 573.3279729518155 1768.0582862692354 574.7833248356578 1769.5434777086766 574.0072773368017 1793.414445450612 569.813728949705