6 240 0 795.507984087978 307.20842487728135 824.307791125565 522.208424877282 824.307791125565 686.7574191120403 819.8605210111122 717.6346997445897 819.0259999129352 744.2084248772825 818.307791125565 1005.2084248772832 803.3077911255648 1276.2084248772842 773.3077911255648 1436.2084248772846 747.3077911255647 1543.2084248772849 726.3077911255646 1920 828.307791125565 1920 830.307791125565 1920 1080 1490.2084248772844 1080 1482.1688729296677 1080 1476.1688729296677 1080 1471.1688729296677 1073.4572461215398 1468.1688729296677 1072.7072461215398 1456.6688729296677 1070.9572461215398 1421.4188729296677 1072.2072461215398 1390.9188729296677 1072.4572461215398 1357.9188729296677 1072.2072461215398 1318.666590646952 1072.4018455557405 1307.169264443743 1074.8793413047733 1301.2869115025667 1078.702870716538 1295.1104409143313 1080 565.6218045506938 1080 558.735545648306 1075.7853961607339 552.2839327450802 1073.5273316446048 532.6065133902415 1073.2047509994434 501.3161908095963 1072.8821703542822 469.3807069386286 1071.9144284187983 431.63877145475755 1068.0434606768629 413.25167468056395 1063.849912289766 406.4774811321769 1063.5273316446046 397.12264242249944 1065.7853961607339 390.67102951927365 1069.9789445478305 385.8323198418543 1076.107976805895 380.67102951927365 1080 364.7457324055217 1080 0 1080 0 965.7514403033479 0 837.8567034612423
6 241 1920 685.2251245138741 1920 651.5409139875583 1666.3246797739444 629.9619666191372 1572.640469247628 626.8040718822951 1421.5878376686805 638.3830192507162 1273.1667850371016 652.067229777032 1394.2194166160493 670.488282408611 1526.1923578251913 698.5217503125137 1542.869999404624 702.0643865957265 1555.2720481949968 704.6988087244006 1647.9036271423654 721.5409139875585 1753.693100826576 737.330387671769 1864.2194166160498 703.6461771454532
6 242 1.5934044702963774 640.5743147972748 65.80393078608586 641.1006305867486 130.01445710187545 634.2585253235907 130.01445710187545 634.2585253235907 44.751299207138516 627.9427358499065 0 630.5743147972748
6 243 479.22797384828743 627.9875923092368 482.8783057641707 628.1886699147727 585.8029697613532 633.8582488637701 586.5007011210148 633.8966832183277 589.682519302833 615.260319581964 589.5038181225844 615.2472038990101 540.1370647573784 611.6239559456004 539.2116385384487 611.8383839719378 502.86433748465106 620.260319581964 486.0461556664693 622.0785014001458 485.36410364416747 622.6696131528074 484.0503141954295 623.808230675047
6 244 992.8643374846516 624.8057741274183 1069.6825193028335 622.5330468546911 1040.137064757379 602.9875923092366 989.227973848288 605.7148650365092 987.460373528049 605.7139693036886 987.4085768528951 606.992568573034 987.460373528049 624.9677006469722 987.460373528049 624.9677006469722
6 245 854.637064757379 628.2463756311779 856.7031193279521 628.2515086860116 866.4025340883084 628.2756066108819 874.7620647573788 628.2963756311776 888.8900557412724 605.5346123793491 889.1620647573789 605.0963756311776 888.8873830605227 605.1067409782288 867.9620647573788 605.8963756311775
6 246 837.5620647573788 658.6963756311776 837.1620647573789 659.8963756311776 809.1620647573789 691.8963756311776 779.962064757379 732.6963756311777 754.8363486093681 768.1084587928038 749.8627336380791 775.1182517053587 720.3620647573789 816.6963756311777 717.6346997445897 819.0259999129352 686.7574191120403 819.8605210111122 689.562064757379 813.0963756311778 720.4513581906499 776.0292235112526 726.3698918597879 768.926983108287 773.562064757379 712.2963756311776 811.1620647573791 671.4963756311777 856.7031193279521 628.2515086860116 866.4025340883084 628.2756066108819
6 247 0 692.5811067130098 168.81900255642103 670.1887201287855 280.52354801096664 653.9387201287856 320.7409679055076 649.9567973669498 326.4326389200576 649.393265583331 325.97809346551213 645.7569019469673 319.8674934568096 646.2757264760081 277.7962752836939 649.8478110378765 179.1599116473302 664.393265583331 80.06900255642097 677.1205383106037 0 687.5811067130098
6 248 726.3698918597879 768.926983108287 712.9659068655216 769.3124012071637 557.7659068655213 771.3124012071637 438.96590686552105 771.7124012071638 350.96590686552094 768.9124012071637 219.36590686552077 764.5124012071635 122.11621860311887 757.8300482659873 0 746.9124012071636 0 753.4010746360251 102.70445389723649 763.1241659130462 194.76327742664836 769.8888717953992 259.7632774266484 772.8300482659874 342.66867184247934 774.9299127279011 512.023510552157 777.8331385343527 717.7659068655214 776.1124012071637 720.4513581906499 776.0292235112526
6 249 1436.1659068655224 718.9124012071636 1199.365906865522 745.7124012071636 992.5659068655218 764.1124012071637 808.1659068655215 773.3124012071636 749.8627336380791 775.1182517053587 754.8363486093681 768.1084587928038 838.1659068655217 765.7124012071637 948.9659068655217 759.3124012071638 1094.965906865522 749.7124012071638 1262.1659068655222 733.7124012071637 1396.1659068655224 717.7124012071636 1526.1923578251913 698.5217503125137 1542.869999404624 702.0643865957265
1 250 778.343211718862 635.1806360134036 777.5217136319179 630.3543347526075 775.7625665575716 620.019345690823 772.2141794607975 611.3096682714681 770.2786955898298 606.1483779488874 770.601276234991 599.0516037553391 769.3109536543459 595.5032166585648 766.085147202733 593.8903134327584 761.0226682571144 593.8903134327584 760.9238568801522 593.8903134327584 758.0206310737007 594.8580553682423 756.4077278478942 598.4064424650164 745.4399859124103 585.8257973037262 736.085147202733 578.0838618198552 728.0206310737007 573.8903134327584 723.3749120902536 573.0939044641675 716.9600726803957 571.9942177081919 716.7303084930554 571.9548295617907 697.3754697833781 571.3096682714681 683.5045020414425 570.0193456908229 682.8833970259737 570.040400098127 664.4722439769264 570.6645069811455 647.6980504285393 572.5999908521133 640.2786955898296 573.8903134327584 635.7625665575715 575.1806360134035 627.0528891382166 584.2128940779197 622.2141794607974 590.9870876263068 614.1496633317652 592.2774102069519 603.8270826866038 592.9225714972745 600.2786955898296 596.1483779488874 597.8118976257877 599.6588212054086 591.891598815636 608.0838618198552 589.5038181225844 615.2472038990101 589.682519302833 615.260319581964 586.5007011210148 633.8966832183277 585.8029697613532 633.8582488637701 586.0851472027329 634.535474723081 586.7303084930554 649.6967650456617 589.633534299507 681.6322489166295 594.4722439769264 690.9870876263069 602.2141794607974 694.8580553682423 696.4077278478942 696.4709585940489 736.7303084930555 692.277410206952 742.5367601059587 690.6645069811456 775.1174052672491 667.4387005295326 778.0206310737008 658.4064424650165
1 251 847.9457451801914 576.3998912005275 845.8303605648068 574.8614296620659 841.0226682571144 573.1306604312967 837.5611297955761 573.7075835082197 835.2534374878837 573.5152758159121 833.1380528724991 571.9768142774506 833.3303605648068 567.5537373543737 832.9671980239134 566.4188544140816 831.7918990263453 562.7460450466813 827.561129795576 559.6691219697582 821.2149759494222 558.1306604312966 817.0491347967363 558.0655691632859 808.9072836417299 557.938352738989 794.2918990263453 558.3229681236044 785.4399859124103 559.0516037553389 781.9706522137741 559.3804924121072 778.1680892455031 559.7409708023534 774.8688221032684 560.0537373543734 767.5611297955761 561.0152758159119 766.4072836417299 562.7460450466812 766.7595105154714 570.3776273110805 766.984206718653 575.2460450466812 765.0611297955761 580.8229681236043 763.1380528724991 584.2845065851427 761.4072836417299 586.7845065851427 761.0226682571144 591.9768142774504 761.0226682571144 593.8903134327584 766.085147202733 593.8903134327584 769.3109536543459 595.5032166585648 770.601276234991 599.0516037553391 770.2786955898298 606.1483779488874 772.2141794607975 611.3096682714681 775.7625665575716 620.019345690823 777.5217136319179 630.3543347526075 783.3303605648068 631.3998912005275 835.4457451801914 629.2845065851429 839.2918990263453 626.9768142774506 843.5226682571144 624.2845065851429 846.0226682571144 622.3614296620659 847.1765144109606 620.0537373543737 846.5995913340375 611.3998912005275 847.5611297955761 592.1691219697583 845.2534374878837 583.1306604312967 845.2534374878837 580.8229681236044 847.3688221032684 579.4768142774506
1 252 987.460373528049 624.9677006469722 987.460373528049 624.9677006469722 987.460373528049 624.9677006469722 986.2149759494225 629.861429662066 984.2918990263456 633.1306604312967 981.2149759494225 636.0152758159122 976.9842067186532 636.3998912005276 897.3688221032686 636.9768142774507 892.1765144109609 635.6306604312967 889.8688221032686 632.1691219697583 888.1380528724993 618.1306604312967 888.8900557412724 605.5346123793491 889.1620647573789 605.0963756311776 888.8873830605227 605.1067409782288 886.9842067186532 591.7845065851429 887.3688221032686 577.5537373543737 885.6380528724993 576.0152758159121 886.0226682571147 573.8998912005275 888.330360564807 572.5537373543737 889.8688221032686 571.7845065851429 893.9072836417301 571.7845065851429 896.0226682571148 567.1691219697583 898.5226682571148 561.9768142774506 903.5226682571148 554.4768142774506 908.5226682571148 552.7460450466814 918.9072836417301 552.5537373543737 933.1380528724994 552.3614296620659 949.2773319235655 552.5278139821801 951.7918990263456 552.5537373543737 961.9842067186532 553.5152758159121 966.0226682571148 554.4768142774506 966.9661655712339 555.4203115915697 969.2918990263456 557.7460450466814 972.176514410961 562.1691219697583 976.4072836417301 571.7845065851429 979.2918990263456 574.0921988928352 982.5611297955763 575.6306604312967 985.253437487884 577.1691219697583 985.4457451801918 579.4768142774506 984.0995913340379 581.3998912005275 982.176514410961 583.3229681236045 984.0995913340379 591.7845065851429 985.0611297955763 600.0537373543737 987.460373528049 605.7139693036886 987.4085768528951 606.992568573034
1 253 992.8889867389197 543.9913733777603 992.0781759281089 540.2075895939764 990.186284036217 536.4238058101927 986.9430407929738 532.6400220264088 988.294392144325 530.4778598642467 985.5916894416223 528.3156977020845 984.240338090271 525.0724544588413 980.1862840362169 519.6670490534359 977.4835813335142 518.5859679723548 972.6187164686494 518.3156977020844 968.5646624145953 518.3156977020844 965.0511489010818 518.8562382426251 958.8349326848656 519.3967787831656 958.5646624145952 519.3967787831656 954.2403380902709 520.7481301345169 950.7268245767575 523.7211031074899 948.0241218740547 531.2886706750575 948.5646624145952 539.9373193237061 949.2773319235655 552.5278139821801 951.7918990263456 552.5537373543737 961.9842067186532 553.5152758159121 966.0226682571148 554.4768142774506 966.9661655712339 555.4203115915697 977.7538516037846 554.5319139183008 984.7808786308116 552.9102922966791 988.5646624145954 551.0184004047873 992.0781759281089 548.0454274318142
1 254 682.8833970259737 570.040400098127 664.4722439769264 570.6645069811455 647.6980504285393 572.5999908521133 640.2786955898296 573.8903134327584 635.7625665575715 575.1806360134035 627.0528891382166 584.2128940779197 622.2141794607974 590.9870876263068 614.1496633317652 592.2774102069519 603.8270826866038 592.9225714972745 600.2786955898296 596.1483779488874 597.8118976257877 599.6588212054086 597.3997004751541 599.3234743709947 595.7392495147643 594.9459218390581 595.008396127328 593.0191265449077 596.312743953415 586.7147787188208 598.4866569968932 579.9756482840381 603.7040483012411 571.497387414473 612.617091779502 558.0191265449077 620.1106383705835 554.8551846508955 622.3997004751541 553.888691762299 627.2122215095619 553.105258105535 631.7475265621107 552.3669526318643 659.5736135186324 550.8452135014294 671.3127439534151 550.6278221970816 676.9649178664586 551.9321700231685 680.0083961273282 554.9756482840381 683.0320534163308 560.5510958543707 683.0320534163308 564.5468461290496 683.0320534163308 569.3746252661355
1 255 620.1106383705835 554.8551846508955 618.4866569968932 554.5408656753425 605.2257874316758 554.5408656753425 600.2257874316758 555.193039588386 595.6542516305205 558.0563489739028 590.9667516305204 561.6500989739028 589.0917516305204 564.7750989739028 587.6855016305204 563.3688489739028 585.6542516305204 563.9938489739028 584.2480016305204 564.9313489739028 583.9355016305204 566.4938489739028 584.5605016305204 568.2125989739028 581.2792516305204 571.1813489739028 579.2480016305204 574.7750989739028 577.8954359215109 580.4859319674989 577.8417516305204 580.7125989739028 576.9042516305204 588.3688489739028 577.0605016305204 592.1188489739028 578.1542516305204 594.3063489739028 583.7792516305204 595.4000989739028 595.7392495147643 594.9459218390581 595.008396127328 593.0191265449077 596.312743953415 586.7147787188208 598.4866569968932 579.9756482840381 603.7040483012411 571.497387414473 612.617091779502 558.0191265449077
1 256 384.46051868724544 559.5228536305631 383.78991885261803 559.7362263052172 376.60337583010255 562.0228536305631 366.96051868724544 568.4514250591345 356.0251770295677 577.7298967686792 355.1748044015311 578.4514250591345 351.2846095770412 580.7776918918973 334.8684150628836 590.5942822019917 329.19273938720795 595.7294173371268 323.5170637115323 603.0267146344243 323.16678558453856 603.6535281248341 318.3819285763971 612.2159038236134 317.84138803585654 621.9456335533432 317.300847495316 635.4591470668568 319.8674934568096 646.2757264760081 320.7409679055076 649.9567973669498 321.0846312790998 651.4050930128027 327.300847495316 654.3780659857757 334.8684150628836 655.729417337127 391.3549015493703 656.5402281479378 414.057604252073 655.1888767965866 473.5170637115326 645.1888767965864 477.5711177655867 639.2429308506405 481.0846312791002 634.1077957155053 482.8783057641707 628.1886699147727 483.78733398180293 625.1888767965864 484.0503141954295 623.808230675047 484.3102097987964 622.4437787573708 485.9494961439651 613.8375254452351 482.16571236018126 588.4321200398296 477.3008474953165 577.3510389587484 470.92243621733115 571.482900583002 463.78733398180293 564.918606526316 455.13868533315417 562.2159038236133 432.976523170992 560.5942822019916 407.30084749531625 559.7834713911808 394.59814479261354 559.2429308506403 389.8023572854186 559.3753533879266
1 257 539.2116385384487 611.8383839719378 502.86433748465106 620.260319581964 486.0461556664693 622.0785014001458 485.36410364416747 622.6696131528074 484.3102097987964 622.4437787573708 485.9494961439651 613.8375254452351 482.16571236018126 588.4321200398296 477.3008474953165 577.3510389587484 470.92243621733115 571.482900583002 471.6251718196407 569.2429308506404 476.4900366845055 561.945633553343 480.81436100882985 557.891579499289 481.4530053920941 557.7973532788075 497.3008474953164 555.4591470668565 525.6792258736948 556.2699578776674 532.9765231709921 560.5942822019917 535.3459491118466 566.3087800593466 537.5711177655868 571.6753632830728 537.9897684604806 576.6154414828194 538.9224691169381 587.6213092290188 539.0255711728367 591.7969424929115 539.4630096574787 609.5132011209107
1 258 540.2738204682895 565.1888767965862 540.2738204682895 565.4591470668565 535.3459491118466 566.3087800593466 532.9765231709921 560.5942822019917 525.6792258736948 556.2699578776674 497.3008474953164 555.4591470668565 481.4530053920941 557.7973532788075 481.62517181964074 553.8375254452349 484.32787452234345 553.026714634424 488.6521988466677 551.945633553343 495.949496143965 546.2699578776673 502.4359826304516 543.8375254452349 512.4359826304516 542.4861740938835 524.0576042520732 541.6753632830727 529.4630096574787 542.2159038236132 534.5981447926138 546.2699578776673 538.9224691169381 550.0537416614511 539.2807720705637 551.0689333633901 540.5440907385598 554.6483362560457 541.0846312791003 560.864552472262
1 259 570.0035501980193 565.7294173371267 568.9224691169383 554.6483362560457 566.6775029648571 549.5346583117027 562.8845633225325 547.5953949888188 553.2481996861688 547.777213170637 545.430017867987 549.0499404433642 541.2481996861687 550.3226677160916 539.2807720705637 551.0689333633901 540.5440907385598 554.6483362560457 541.0846312791003 560.864552472262 540.2738204682895 565.1888767965862 540.2738204682895 565.4591470668565 535.3459491118466 566.3087800593466 537.5711177655868 571.6753632830728 537.9897684604806 576.6154414828194 557.3008474953166 577.0807686884782 566.4900366845058 575.1888767965863 568.9224691169383 572.4861740938836
1 260 908.5084765292773 523.3147720698262 908.6000283919057 523.2866022659406 921.0891216905677 519.4438043278907 936.2504120131484 515.5728365859552 936.4591366343817 514.7901192563304 937.5407345937936 510.7341269085358 935.2826700776645 497.8309011020841 932.3794442712128 492.9921914246648 928.5084765292773 491.05670755369704 922.7020249163741 491.05670755369704 917.5407345937934 491.3792881988583 910.443960400245 493.63735271498734 907.2683174190847 494.110198810044 908.4111745619418 520.2530559529011
1 261 883.3471862066966 524.9276752956326 899.4553953654928 523.4175306869954 903.7774964311844 523.0123337120868 903.9923474970192 522.9921914246648 903.0246055615354 497.18573981176155 902.2367053178127 497.18573981176155 895.6052507228256 497.18573981176155 887.8633152389547 498.798643037568 883.9923474970192 500.73412690853576 883.9923474970192 500.73412690853576 880.1213797550837 508.4760623924068 880.7665410454063 519.7663849730519
1 262 991.1745106848755 499.0832730185927 1014.1156871554638 492.9068024303574 1014.9980400966404 492.61268478329856 1015.4858221336502 491.83223352408277 1016.4686283319344 490.259743606828 1015.8803930378167 472.0244494891809 1007.3509812731108 472.6126847832985 997.9392165672284 474.6715083127103 983.8215695084049 476.43621419506326 981.4686283319343 477.0244494891809 978.8215695084049 478.2009200774162 976.762745978993 479.3773906656515 973.527451861346 487.61268478329856 975.2921577436989 492.3185671362397 978.8215695084049 493.2009200774162 983.8215695084049 495.84797890094563 987.6450989201696 498.78915537153387 987.748298992621 498.7977553775715
1 263 294.0883115748762 630.5259748014807 292.15282770390843 644.0743618982549 216.0237954458437 653.7517812530937 146.66895673616608 655.3646844789001 137.63669867164992 650.848555446642 135.05605351035962 637.3001683498678 135.36547548343955 615.6406302342709 135.3786341555209 614.7195231885773 138.12380485230761 606.789030064527 138.28185996197254 606.3324264143838 142.15282770390803 599.2356522208354 146.02379544584352 593.1066199627709 152.22588384089838 591.6753687946813 158.60444060713388 590.2033941563193 163.12056963939193 588.2679102853515 166.02379544584358 584.396942543416 174.73347286519845 577.6227489950289 183.120569639392 572.4614586724483 192.15282770390814 567.3001683498676 199.57218254261784 563.1066199627708 212.1528277039082 562.7840393176095 229.24960189745667 563.1066199627708 249.24960189745673 562.7840393176095 267.314118026489 564.0743618982547 276.6689567361665 564.7195231885772 284.73347286519873 567.9453296401902 290.53992447810197 575.6872651240611 292.797988994231 589.2356522208354 294.41089222003745 599.2356522208354 294.5668149953325 602.0422621761464 295.0560535103601 610.848555446642
1 264 1567.1272500557623 503.35785438200173 1552.8415357700478 505.14356866771607 1552.4843929129052 505.14356866771607 1538.5558214843336 508.0007115248589 1530.6986786271907 510.85785438200173 1526.7701071986194 514.7864258105732 1526.7701071986194 533.3578543820018 1525.6986786271907 543.0007115248591 1521.0558214843336 546.5721400962876 1514.2701071986194 553.0007115248591 1501.7701071986191 555.1435686677162 1500.3611146687904 559.0887477512372 1499.984392912905 560.1435686677162 1499.627250055762 572.6435686677163 1501.9488259190562 588.6835473595654 1503.5558214843336 599.7864258105735 1505.866160310994 602.3277985199002 1507.127250055762 603.714997239145 1512.8415357700478 605.5007115248592 1571.4129643414765 603.0007115248592 1642.1272500557625 596.5721400962877 1659.6272500557625 595.8578543820021 1664.2701071986198 593.3578543820021 1664.6228254774733 590.1833898723211 1664.9843929129054 586.9292829534306 1664.9843929129054 515.1435686677161 1662.8415357700483 507.2864258105732 1660.3415357700483 505.5007115248589 1653.1986786271912 505.14356866771607 1617.4843929129052 503.0007115248589 1580.698678627191 502.643568667716
1 265 1788.5558214843347 535.8578543820017 1768.5558214843347 537.6435686677161 1759.984392912906 541.5721400962875 1751.7701071986203 546.5721400962875 1747.1272500557632 549.0721400962875 1743.5558214843345 552.2864258105733 1742.841535770049 559.0721400962876 1743.1986786271918 567.6435686677162 1748.9129643414776 571.9292829534305 1794.6272500557634 568.357854382002 1795.6986786271918 544.4292829534304 1791.4129643414776 537.2864258105733
1 266 1812.244101625246 563.3750187965348 1829.062283443428 558.8295642510802 1829.971374352519 557.0113824328985 1828.6077379888825 552.0113824328985 1825.4259198070645 543.8295642510802 1820.4259198070642 540.1932006147165 1814.062283443428 539.7386551601711 1809.5168288979735 539.2841097056256
2 267 1164.0718948846113 617.2892906534541 1170.5718948846113 616.5392906534541 1171.1645499963572 616.4734400854824 1171.3141169908358 614.56646090588 1171.3141169908358 606.56646090588 1171.9042533709128 593.7886155025251 1173.8141169908358 591.81646090588 1174.5783016191979 588.8496264663569 1173.4952715079878 588.9770417735581 1170.3218948846113 576.039290653454 1168.5718948846113 569.289290653454 1166.8218948846113 565.789290653454 1164.3218948846113 562.789290653454 1164.8218948846113 559.789290653454 1163.3218948846113 557.789290653454 1161.0718948846113 555.789290653454 1158.0718948846113 556.039290653454 1156.0718948846113 556.289290653454 1154.321894884611 558.289290653454 1153.571894884611 561.539290653454 1154.571894884611 566.539290653454 1155.8218948846113 568.539290653454 1155.071894884611 572.039290653454 1152.071894884611 575.289290653454 1147.821894884611 576.039290653454 1144.321894884611 577.789290653454 1143.071894884611 580.789290653454 1144.321894884611 583.539290653454 1149.321894884611 585.2892906534541 1149.3807389452859 586.7603921703255 1151.0641169908358 587.06646090588 1157.8141169908358 592.56646090588 1162.943694035211 601.5384960696409 1161.8141169908358 608.06646090588 1160.0641169908358 612.56646090588 1161.3141169908358 617.06646090588 1161.3309284605875 617.2457832498982
4 268 353.84134117338357 510.5022361825048 372.0766352910307 506.9728244177989 370.3119294086777 474.61988324132824 353.80626607847165 472.4901202309791 352.2294107674021 472.5130207481098
4 269 702.7899876731949 508.21498233977314 704.526023811754 507.7639478314966 709.7434151161019 507.32916522280095 714.9608064204497 507.11177391845314 712.489585355118 467.2821167173324 712.4674070280337 466.92465975912785 696.6609554151304 467.89240169461175 698.5964392860981 508.86014363009576
4 270 911.5632842058851 426.8561070594557 927.1515195000027 425.6796364712204 925.64622673392 404.30447919284774 925.2303608154732 398.3991831509029 924.2103430294144 383.9149305888674 907.7397547941202 385.6796364712203
4 271 1214.028746248088 502.2505343040382 1224.4365992132307 500.71996769151724 1236.4148734465175 498.4488232970382 1232.0264546981714 455.3557815184363 1209.228746248088 457.050534304038
4 272 1246.2932843790438 500.53102563193966 1255.2728762157785 499.10245420336827 1253.228746248088 464.25053430403807 1238.157277528751 464.0158979025263 1242.1899580534453 500.9875546248594
4 273 1430.028746248089 461.050534304038 1448.6220460138777 460.0310421212108 1443.327928366819 391.7957480035635 1422.7396930727011 392.08986565062236 1424.428746248089 461.45053430403806
4 274 1711.9204742569239 215.13798369674822 1745.520474256924 207.1379836967482 1729.3737390010256 150.85507794761665 1727.126086403521 143.02040317917204 1717.520474256924 109.53798369674786 1686.3204742569237 117.53798369674789
5 275 1805.1720936901065 204.911291967424 1788.7168996083005 133.8730150776762 1786.9873087887242 126.40624495414008 1783.5931463216853 111.75339723058147 1782.5405147427377 110.7007656516341 1738.856304216422 119.64813407268676 1742.5781559368688 138.67093175497047 1744.013808241166 146.00871019915635 1757.8036726374746 216.4902393358451
5 276 1824.645777900633 127.54287091479208 1840.4352515848436 187.01655512531866 1828.3299884269488 190.70076565163447 1837.2773568480015 225.43760775689776 1920 208.59550249373984 1920 171.11976913622846 1844.6457779006332 185.43760775689762 1828.8563042164224 125.963923546371
5 277 1239.1871039287948 531.67428555279 1239.4907650459788 531.6373921460294 1244.9741524143724 530.971186204075 1265.9371039287948 528.42428555279 1264.9371039287948 498.6742855527899 1255.2728762157785 499.10245420336827 1242.1899580534453 500.9875546248594 1242.1899580534453 500.9875546248594 1236.547762062686 501.5613372679874 1235.4371039287946 501.6742855527899
5 278 730.6066730344089 532.7851014920693 730.1613517798357 526.46153967713 728.8209587486947 507.42795863492637 719.9561487181454 507.2257301615505 714.9608064204497 507.11177391845314 709.7434151161019 507.32916522280095 704.526023811754 507.7639478314966 706.3190645811413 529.8009929393958 706.6781016058374 534.2136729206408 715.2195961005147 533.7037329508092 721.3115623847339 533.3400334711544
5 279 769.5260238117544 507.7639478314968 774.7993949050639 507.35196571483203 779.1809225817298 507.0096588650925 783.4390672900151 506.6769913097577 783.4390672900151 487.1117739184533 778.1251495547394 487.18991976750146 773.507310736471 487.2578291618878 768.656458594363 487.3291652228011
5 280 993.8829812039324 416.32469509463874 1020.3638177218262 414.45984745253355 1022.2829812039325 414.32469509463874 1021.6682117543785 410.1969573619189 1019.4829812039325 395.5246950946387 992.2829812039324 397.92469509463865 992.4136531120099 399.4274220375305 992.786673604185 403.7171576975437
5 281 928.2829812039322 418.7246950946387 984.2829812039324 415.92469509463876 982.6829812039324 401.92469509463865 938.1902489115655 403.5604573112698 928.2829812039322 403.92469509463865 928.2829812039322 403.97697907675587
5 282 1443.6840222681394 512.1387060836504 1452.569378566879 511.47230436124494 1459.135046903664 510.97987923598606 1468.6840222681396 510.2637060836504 1464.9340222681396 467.76370608365016 1456.2814212718274 468.6078622784123 1449.5000805403247 469.2694564961199 1439.3090222681394 470.26370608365016
7 283 389.8023572854186 559.3753533879266 385.9719777337036 489.94972401309235 384.8678082190078 475.9497923657922 386.2963796475793 470.9497923657921 388.08209393329355 464.16407808007784 385.58209393329355 461.30693522293495 381.2963796475792 460.94979236579206 378.7963796475792 462.7355066515064 379.8678082190078 473.4497923657921 382.01066536186494 477.37836379436357 380.58209393329355 489.1640780800779 383.78991885261803 559.7362263052172 384.46051868724544 559.5228536305631
7 284 356.0251770295677 577.7298967686792 353.84134117338357 510.5022361825048 352.2294107674021 472.5130207481098 348.43923679043627 472.02122093722073 351.2846095770412 580.7776918918973 355.1748044015311 578.4514250591345
7 285 162.28834935038498 330.8306585149926 156.28834935038498 337.2306585149926 152.68834935038495 341.63065851499266 149.08834935038493 355.63065851499266 146.28834935038495 412.43065851499296 146.688349350385 542.8306585149934 149.48834935038502 546.0306585149934 150.28834935038503 571.6306585149935 153.08834935038504 583.6306585149936 153.08834935038504 584.4306585149935 152.22588384089838 591.6753687946813 146.02379544584352 593.1066199627709 142.15282770390803 599.2356522208354 138.28185996197254 606.3324264143838 138.12380485230761 606.789030064527 139.4883493503849 553.2306585149933 141.4883493503849 544.4306585149932 140.6883493503849 496.0306585149931 141.4883493503849 361.2306585149927 139.08834935038487 333.2306585149926 135.08834935038487 318.0306585149926 135.88834935038489 309.2306585149925 139.08834935038487 303.2306585149925 139.88834935038489 297.6306585149925 141.4883493503849 292.03065851499247 144.28834935038492 289.23065851499246 146.28834935038492 284.8306585149925 147.88834935038494 280.0306585149924 149.88834935038494 275.63065851499243 153.48834935038496 286.8306585149925 155.08834935038493 291.6306585149925 156.68834935038495 300.8306585149925 157.88834935038494 304.0306585149925 157.88834935038494 308.0306585149925 165.888349350385 322.4306585149926
7 286 719.9561487181454 507.2257301615505 717.8041388240715 465.76367286906 712.489585355118 467.2821167173324 714.9608064204497 507.11177391845314
7 287 723.3749120902536 573.0939044641675 722.8622003321583 563.2156579248642 721.3115623847339 533.3400334711544 715.2195961005147 533.7037329508092 716.561047235699 563.2156579248642 716.9600726803957 571.9942177081919
7 288 773.507310736471 487.2578291618878 767.8041388240719 398.5636728690598 773.4041388240719 398.5636728690598 778.1251495547394 487.18991976750146
7 289 781.9706522137741 559.3804924121072 780.2211351832647 526.5372863393611 779.1809225817298 507.0096588650925 774.7993949050639 507.35196571483203 775.8100066111049 523.0687201777453 778.1680892455031 559.7409708023534
7 290 904.2041388240721 530.1636728690603 903.7774964311844 523.0123337120868 903.9923474970192 522.9921914246648 903.0246055615354 497.18573981176155 895.804138824072 389.3636728690597 899.5290145985539 388.3875573678287 907.2683174190847 494.110198810044 908.4111745619418 520.2530559529011 908.5084765292773 523.3147720698262 908.6000283919057 523.2866022659406 908.604138824072 523.3636728690601 909.004138824072 528.1636728690602
7 291 992.786673604185 403.7171576975437 992.4136531120099 399.4274220375305 992.3281450206357 399.3959437841125 981.5084728894881 396.2811896857518 925.2303608154732 398.3991831509029 925.64622673392 404.30447919284774 928.0658499386684 403.98610771853873 928.2829812039322 403.97697907675587 928.2829812039322 403.92469509463865 938.1902489115655 403.5604573112698 982.6560138730947 401.6910257513256
7 292 1073.5354744351444 590.8043488329927 1072.1893205889908 554.8428103714542 1065.7707679714554 457.10086181689945 1062.1642105944063 432.51069788247315 1038.885522069816 421.85496017755514 1020.3638177218262 414.45984745253355 1022.2829812039325 414.32469509463874 1021.6682117543785 410.1969573619189 1022.1642105944062 410.37955034148956 1060.8527351845703 427.2647962431289 1063.1478171517833 427.75659952181746 1063.5830686526083 424.87404385431523 1068.1776632472029 425.4145843948558 1075.7452308147706 517.8470168272885 1079.7992848688245 589.4686384489103
7 294 1242.1899580534453 500.9875546248594 1238.157277528751 464.0158979025263 1237.8329063110746 454.0654589377911 1232.0264546981714 455.3557815184363 1236.547762062686 501.5613372679874
7 295 1245.2522611497843 590.5170718410172 1239.4907650459788 531.6373921460294 1244.9741524143724 530.971186204075 1250.4135514723648 589.5493299055335
7 296 1456.2814212718274 468.6078622784123 1451.146689302278 392.36487242752673 1443.873962029551 391.9103269729813 1449.5000805403247 469.2694564961199
7 297 1460.2375983931872 616.9103269729821 1452.569378566879 511.47230436124494 1459.135046903664 510.97987923598606 1465.472912843405 605.087585613959 1466.0322097568153 613.3922973585338 1466.1466893022782 615.0921451548004
7 298 1744.013808241166 146.00871019915635 1742.5781559368688 138.67093175497047 1727.126086403521 143.02040317917204 1729.3737390010256 150.85507794761665
7 299 1920 151.4423497813897 1920 143.70041429751873 1876.289204798869 124.34557558784124 1844.9988822182236 117.57138203945414 1825.644043508546 118.86170462009929 1789.8375918956428 125.6358981684864 1786.9873087887242 126.40624495414008 1788.7168996083005 133.8730150776762 1824.353720927901 127.57138203945415 1827.9021080246753 125.9584788136477 1832.6011356523952 125.47766387307041 1851.0221882839742 126.00397966254411 1884.1800830208165 136.00397966254414 1919.8172287698046 151.76106468278724
11 300 323.16678558453856 603.6535281248341 294.5668149953325 602.0422621761464 295.0560535103601 610.848555446642 294.0883115748762 630.5259748014807 292.15282770390843 644.0743618982549 216.0237954458437 653.7517812530937 146.66895673616608 655.3646844789001 137.63669867164992 650.848555446642 135.05605351035962 637.3001683498678 135.36547548343955 615.6406302342709 132.22575212249012 616.0490495332563 132.22575212249012 592.9721264563331 66.84113673787431 582.2028956871022 66.84113673787431 602.2028956871023 112.22575212249001 606.0490495332563 108.3795982763362 616.818280302487 76.07190596864359 620.6644341486409 0 613.7413572255639 0 687.5811067130098 80.06900255642097 677.1205383106037 179.1599116473302 664.393265583331 277.7962752836939 649.8478110378765 319.8674934568096 646.2757264760081 317.300847495316 635.4591470668568 317.84138803585654 621.9456335533432 318.3819285763971 612.2159038236134
-1 300 130.01445710187545 634.2585253235907 65.80393078608586 641.1006305867486 1.5934044702963774 640.5743147972748 0 630.5743147972748 44.751299207138516 627.9427358499065
11 301 484.0503141954295 623.808230675047 484.3102097987964 622.4437787573708 485.36410364416747 622.6696131528074
11 302 597.8118976257877 599.6588212054086 597.3997004751541 599.3234743709947 595.7392495147643 594.9459218390581 583.7792516305204 595.4000989739028 578.1542516305204 594.3063489739028 577.0605016305204 592.1188489739028 576.9042516305204 588.3688489739028 577.8417516305204 580.7125989739028 577.8954359215109 580.4859319674989 569.14882904557 580.6644341486406 539.0255711728367 591.7969424929115 539.4630096574787 609.5132011209107 539.2116385384487 611.8383839719378 540.1370647573784 611.6239559456004 589.5038181225844 615.2472038990101 591.891598815636 608.0838618198552
11 303 716.9600726803957 571.9942177081919 716.561047235699 563.2156579248642 699.6719059686477 563.2156579248642 683.0320534163308 564.5468461290496 683.0320534163308 569.3746252661355 682.8833970259737 570.040400098127 683.5045020414425 570.0193456908229 697.3754697833781 571.3096682714681 716.7303084930554 571.9548295617907
11 304 720.4513581906499 776.0292235112526 717.7659068655214 776.1124012071637 512.023510552157 777.8331385343527 342.66867184247934 774.9299127279011 259.7632774266484 772.8300482659874 194.76327742664836 769.8888717953992 102.70445389723649 763.1241659130462 0 753.4010746360251 0 795.507984087978 307.20842487728135 824.307791125565 522.208424877282 824.307791125565 686.7574191120403 819.8605210111122 689.562064757379 813.0963756311778
11 305 766.984206718653 575.2460450466812 766.7595105154714 570.3776273110805 744.4719059686479 569.6156579248643 734.4719059686478 568.4156579248643 728.4719059686478 563.2156579248642 722.8622003321583 563.2156579248642 723.3749120902536 573.0939044641675 728.0206310737007 573.8903134327584 736.085147202733 578.0838618198552 745.4399859124103 585.8257973037262 756.4077278478942 598.4064424650164 758.0206310737007 594.8580553682423 760.9238568801522 593.8903134327584 761.0226682571144 593.8903134327584 761.0226682571144 591.9768142774504 761.4072836417299 586.7845065851427 763.1380528724991 584.2845065851427 765.0611297955761 580.8229681236043
11 306 1920 651.5409139875583 1920 564.4182803024869 1821.7026751994235 577.4952033794102 1723.2411367378845 585.1875110717178 1664.6228254774733 590.1833898723211 1664.2701071986198 593.3578543820021 1659.6272500557625 595.8578543820021 1642.1272500557625 596.5721400962877 1571.4129643414765 603.0007115248592 1512.8415357700478 605.5007115248592 1507.127250055762 603.714997239145 1505.866160310994 602.3277985199002 1465.472912843405 605.087585613959 1466.0322097568153 613.3922973585338 1500.9334444301905 625.956741840949 1417.856521353267 635.9567418409492 1243.2411367378813 645.9567418409492 1130.9334444301883 644.4182803024877 1090.1642136609569 625.956741840949 1061.7026751994183 599.8028956871027 1050.9334444301874 583.6490495332564 1030.1642136609564 534.4182803024869 1022.4719059686488 504.41828030248666 1016.871905968649 491.6156579248642 1015.4858221336502 491.83223352408277 1014.9980400966404 492.61268478329856 1014.1156871554638 492.9068024303574 991.1745106848755 499.0832730185927 987.748298992621 498.7977553775715 978.8719059686489 501.6156579248642 976.4719059686488 509.2156579248642 964.4719059686488 512.8156579248642 938.0719059686487 518.0156579248643 936.4591366343817 514.7901192563304 936.2504120131484 515.5728365859552 921.0891216905677 519.4438043278907 908.6000283919057 523.2866022659406 908.604138824072 523.3636728690601 909.004138824072 528.1636728690602 904.2041388240721 530.1636728690603 903.7774964311844 523.0123337120868 899.4553953654928 523.4175306869954 900.4719059686486 535.6156579248643 836.4719059686481 566.0156579248643 832.9671980239134 566.4188544140816 833.3303605648068 567.5537373543737 833.1380528724991 571.9768142774506 835.2534374878837 573.5152758159121 837.5611297955761 573.7075835082197 841.0226682571144 573.1306604312967 845.8303605648068 574.8614296620659 847.9457451801914 576.3998912005275 847.3688221032684 579.4768142774506 845.2534374878837 580.8229681236044 845.2534374878837 583.1306604312967 847.5611297955761 592.1691219697583 846.5995913340375 611.3998912005275 847.1765144109606 620.0537373543737 846.0226682571144 622.3614296620659 843.5226682571144 624.2845065851429 839.2918990263453 626.9768142774506 835.4457451801914 629.2845065851429 783.3303605648068 631.3998912005275 777.5217136319179 630.3543347526075 778.343211718862 635.1806360134036 778.0206310737008 658.4064424650165 775.1174052672491 667.4387005295326 742.5367601059587 690.6645069811456 736.7303084930555 692.277410206952 696.4077278478942 696.4709585940489 602.2141794607974 694.8580553682423 594.4722439769264 690.9870876263069 589.633534299507 681.6322489166295 586.7303084930554 649.6967650456617 586.0851472027329 634.535474723081 585.8029697613532 633.8582488637701 482.8783057641707 628.1886699147727 481.0846312791002 634.1077957155053 477.5711177655867 639.2429308506405 473.5170637115326 645.1888767965864 414.057604252073 655.1888767965866 391.3549015493703 656.5402281479378 334.8684150628836 655.729417337127 327.300847495316 654.3780659857757 321.0846312790998 651.4050930128027 320.7409679055076 649.9567973669498 280.52354801096664 653.9387201287856 168.81900255642103 670.1887201287855 0 692.5811067130098 0 746.9124012071636 122.11621860311887 757.8300482659873 219.36590686552077 764.5124012071635 350.96590686552094 768.9124012071637 438.96590686552105 771.7124012071638 557.7659068655213 771.3124012071637 712.9659068655216 769.3124012071637 726.3698918597879 768.926983108287 773.562064757379 712.2963756311776 811.1620647573791 671.4963756311777 856.7031193279521 628.2515086860116 854.637064757379 628.2463756311779 867.9620647573788 605.8963756311775 888.8873830605227 605.1067409782288 886.9842067186532 591.7845065851429 887.3688221032686 577.5537373543737 885.6380528724993 576.0152758159121 886.0226682571147 573.8998912005275 888.330360564807 572.5537373543737 889.8688221032686 571.7845065851429 893.9072836417301 571.7845065851429 896.0226682571148 567.1691219697583 898.5226682571148 561.9768142774506 903.5226682571148 554.4768142774506 908.5226682571148 552.7460450466814 918.9072836417301 552.5537373543737 933.1380528724994 552.3614296620659 949.2773319235655 552.5278139821801 948.5646624145952 539.9373193237061 948.0241218740547 531.2886706750575 950.7268245767575 523.7211031074899 954.2403380902709 520.7481301345169 958.5646624145952 519.3967787831656 958.8349326848656 519.3967787831656 965.0511489010818 518.8562382426251 968.5646624145953 518.3156977020844 972.6187164686494 518.3156977020844 977.4835813335142 518.5859679723548 980.1862840362169 519.6670490534359 984.240338090271 525.0724544588413 985.5916894416223 528.3156977020845 988.294392144325 530.4778598642467 986.9430407929738 532.6400220264088 990.186284036217 536.4238058101927 992.0781759281089 540.2075895939764 992.8889867389197 543.9913733777603 992.0781759281089 548.0454274318142 988.5646624145954 551.0184004047873 984.7808786308116 552.9102922966791 977.7538516037846 554.5319139183008 966.9661655712339 555.4203115915697 969.2918990263456 557.7460450466814 972.176514410961 562.1691219697583 976.4072836417301 571.7845065851429 979.2918990263456 574.0921988928352 982.5611297955763 575.6306604312967 985.253437487884 577.1691219697583 985.4457451801918 579.4768142774506 984.0995913340379 581.3998912005275 982.176514410961 583.3229681236045 984.0995913340379 591.7845065851429 985.0611297955763 600.0537373543737 987.460373528049 605.7139693036886 989.227973848288 605.7148650365092 1040.137064757379 602.9875923092366 1069.6825193028335 622.5330468546911 992.8643374846516 624.8057741274183 987.460373528049 624.9677006469722 986.2149759494225 629.861429662066 984.2918990263456 633.1306604312967 981.2149759494225 636.0152758159122 976.9842067186532 636.3998912005276 897.3688221032686 636.9768142774507 892.1765144109609 635.6306604312967 889.8688221032686 632.1691219697583 888.1380528724993 618.1306604312967 888.8900557412724 605.5346123793491 874.7620647573788 628.2963756311776 866.4025340883084 628.2756066108819 837.5620647573788 658.6963756311776 837.1620647573789 659.8963756311776 809.1620647573789 691.8963756311776 779.962064757379 732.6963756311777 754.8363486093681 768.1084587928038 838.1659068655217 765.7124012071637 948.9659068655217 759.3124012071638 1094.965906865522 749.7124012071638 1262.1659068655222 733.7124012071637 1396.1659068655224 717.7124012071636 1526.1923578251913 698.5217503125137 1394.2194166160493 670.488282408611 1273.1667850371016 652.067229777032 1421.5878376686805 638.3830192507162 1572.640469247628 626.8040718822951 1666.3246797739444 629.9619666191372
11 307 1543.2084248772849 726.3077911255646 1436.2084248772846 747.3077911255647 1276.2084248772842 773.3077911255648 1005.2084248772832 803.3077911255648 744.2084248772825 818.307791125565 717.6346997445897 819.0259999129352 720.3620647573789 816.6963756311777 749.8627336380791 775.1182517053587 808.1659068655215 773.3124012071636 992.5659068655218 764.1124012071637 1199.365906865522 745.7124012071636 1436.1659068655224 718.9124012071636 1542.869999404624 702.0643865957265 1555.2720481949968 704.6988087244006 1647.9036271423654 721.5409139875585 1753.693100826576 737.330387671769 1864.2194166160498 703.6461771454532 1920 685.2251245138741 1920 704.4182803024879 1880.1642136609626 717.4952033794111 1871.702675199424 727.4952033794111 1866.3180598148083 744.4182803024883 1870.164213660962 759.8028956871037 1899.3949828917316 773.6490495332577 1920 782.8798187640269 1920 828.307791125565
1 308 716.561047235699 563.2156579248642 715.2195961005147 533.7037329508092 706.6781016058374 534.2136729206408 706.3190645811413 529.8009929393958 705.7829567904146 529.9499117701532 695.3178405113448 530.8801443282928 679.2713288834377 533.2057257236416 676.713189348554 532.7406094445719 673.2248172555308 528.0894466538741 670.899235860182 525.2987489794556 664.6201660927401 524.6010745608509 655.3178405113447 523.9034001422463 646.713189348554 524.368516421316 640.2015614415773 527.6243303748045 630.8992358601819 533.6708420027114 627.4108637671586 538.554562932944 626.9457474880888 552.7406094445719 627.2122215095619 553.105258105535 631.7475265621107 552.3669526318643 659.5736135186324 550.8452135014294 671.3127439534151 550.6278221970816 676.9649178664586 551.9321700231685 680.0083961273282 554.9756482840381 683.0320534163308 560.5510958543707 683.0320534163308 564.5468461290496 699.6719059686477 563.2156579248642
1 309 778.1680892455031 559.7409708023534 775.8100066111049 523.0687201777453 774.6201660927402 522.2754931655021 760.4341195811122 524.601074560851 735.5503986508796 526.46153967713 730.1613517798357 526.46153967713 730.6066730344089 532.7851014920693 721.3115623847339 533.3400334711544 722.8622003321583 563.2156579248642 728.4719059686478 563.2156579248642 734.4719059686478 568.4156579248643 744.4719059686479 569.6156579248643 766.7595105154714 570.3776273110805 766.4072836417299 562.7460450466812 767.5611297955761 561.0152758159119 774.8688221032684 560.0537373543734
1 310 823.6618897589508 518.0142072557893 823.367772111892 508.89656019696577 820.4341195811123 508.5545629329439 808.3410963252984 509.01967921201367 800.6666777206472 509.2522373515486 797.4108637671588 514.368516421316 787.6434219066937 524.1359582817812 780.2211351832647 526.5372863393611 781.9706522137741 559.3804924121072 785.4399859124103 559.0516037553389 794.2918990263453 558.3229681236044 808.9072836417299 557.938352738989 817.0491347967363 558.0655691632859 818.9560074060097 548.3083249028482
7 777 1487.7940727237076 589.6271975725887 1489.285870399716 581.6964388576196 1487.8572989711447 524.1964388576196 1476.785870399716 408.48215314333385 1470.7144418282874 392.7678674290481 1465.7144418282876 371.69643885761957 1466.785870399716 360.625010286191 1470.3572989711447 348.125010286191 1472.8572989711447 333.48215314333385 1473.5715846854305 325.625010286191 1484.643013256859 338.48215314333385 1487.5001561140018 352.4107245719053 1491.4287275425731 357.0535817147624 1493.5715846854305 373.48215314333385 1488.9287275425731 390.98215314333385 1486.0715846854305 398.48215314333385 1491.0715846854305 477.76786742904807 1498.9287275425734 545.9821531433338 1500.3611146687904 559.0887477512372 1499.984392912905 560.1435686677162 1499.627250055762 572.6435686677163 1501.9488259190562 588.6835473595654
9 779 1920 782.8798187640269 1920 704.4182803024879 1880.1642136609626 717.4952033794111 1871.702675199424 727.4952033794111 1866.3180598148083 744.4182803024883 1870.164213660962 759.8028956871037 1899.3949828917316 773.6490495332577
3 780 1172.8218948846113 616.2892906534541 1180.767998780715 615.3406781371945 1190.3134533261698 613.5224963190127 1191.2225442352606 613.5224963190127 1193.9498169625335 610.79522359174 1196.677089689806 607.1588599553763 1198.0407260534425 601.2497690462853 1196.2225442352606 593.5224963190126 1194.3327644498288 589.8176020791366 1188.9498169625335 587.1588599553762 1174.5783016191979 588.8496264663569 1173.8141169908358 591.81646090588 1171.9042533709128 593.7886155025251 1171.3141169908358 606.56646090588 1171.3141169908358 614.56646090588 1171.1645499963572 616.4734400854824
3 781 1149.571894884611 591.5392906534541 1145.821894884611 592.0392906534541 1141.071894884611 594.2892906534541 1136.821894884611 598.7892906534541 1134.571894884611 602.7892906534541 1135.321894884611 611.0392906534541 1138.0284166237416 614.8176020791366 1141.9414601020026 616.3393412095713 1148.321894884611 617.0392906534541 1161.3309284605875 617.2457832498982 1161.3141169908358 617.06646090588 1160.0641169908358 612.56646090588 1161.8141169908358 608.06646090588 1162.943694035211 601.5384960696409 1157.8141169908358 592.56646090588 1151.0641169908358 587.06646090588 1149.3807389452859 586.7603921703255
9 782 1920 564.4182803024869 1920 208.59550249373984 1837.2773568480015 225.43760775689776 1828.3299884269488 190.70076565163447 1840.4352515848436 187.01655512531866 1824.645777900633 127.54287091479208 1828.8563042164224 125.963923546371 1844.6457779006332 185.43760775689762 1920 171.11976913622846 1920 151.4423497813897 1919.8172287698046 151.76106468278724 1884.1800830208165 136.00397966254414 1851.0221882839742 126.00397966254411 1832.6011356523952 125.47766387307041 1827.9021080246753 125.9584788136477 1824.353720927901 127.57138203945415 1788.7168996083005 133.8730150776762 1805.1720936901065 204.911291967424 1757.8036726374746 216.4902393358451 1744.013808241166 146.00871019915635 1729.3737390010256 150.85507794761665 1745.520474256924 207.1379836967482 1711.9204742569239 215.13798369674822 1686.3204742569237 117.53798369674789 1717.520474256924 109.53798369674786 1727.126086403521 143.02040317917204 1742.5781559368688 138.67093175497047 1738.856304216422 119.64813407268676 1782.5405147427377 110.7007656516341 1783.5931463216853 111.75339723058147 1786.9873087887242 126.40624495414008 1789.8375918956428 125.6358981684864 1825.644043508546 118.86170462009929 1844.9988822182236 117.57138203945414 1876.289204798869 124.34557558784124 1920 143.70041429751873 1920 0 0 0 0 613.7413572255639 76.07190596864359 620.6644341486409 108.3795982763362 616.818280302487 112.22575212249001 606.0490495332563 66.84113673787431 602.2028956871023 66.84113673787431 582.2028956871022 132.22575212249012 592.9721264563331 132.22575212249012 616.0490495332563 135.36547548343955 615.6406302342709 135.3786341555209 614.7195231885773 138.12380485230761 606.789030064527 139.4883493503849 553.2306585149933 141.4883493503849 544.4306585149932 140.6883493503849 496.0306585149931 141.4883493503849 361.2306585149927 139.08834935038487 333.2306585149926 135.08834935038487 318.0306585149926 135.88834935038489 309.2306585149925 139.08834935038487 303.2306585149925 139.88834935038489 297.6306585149925 141.4883493503849 292.03065851499247 144.28834935038492 289.23065851499246 146.28834935038492 284.8306585149925 147.88834935038494 280.0306585149924 149.88834935038494 275.63065851499243 153.48834935038496 286.8306585149925 155.08834935038493 291.6306585149925 156.68834935038495 300.8306585149925 157.88834935038494 304.0306585149925 157.88834935038494 308.0306585149925 165.888349350385 322.4306585149926 162.28834935038498 330.8306585149926 156.28834935038498 337.2306585149926 152.68834935038495 341.63065851499266 149.08834935038493 355.63065851499266 146.28834935038495 412.43065851499296 146.688349350385 542.8306585149934 149.48834935038502 546.0306585149934 150.28834935038503 571.6306585149935 153.08834935038504 583.6306585149936 153.08834935038504 584.4306585149935 152.22588384089838 591.6753687946813 158.60444060713388 590.2033941563193 163.12056963939193 588.2679102853515 166.02379544584358 584.396942543416 174.73347286519845 577.6227489950289 183.120569639392 572.4614586724483 192.15282770390814 567.3001683498676 199.57218254261784 563.1066199627708 212.1528277039082 562.7840393176095 229.24960189745667 563.1066199627708 249.24960189745673 562.7840393176095 267.314118026489 564.0743618982547 276.6689567361665 564.7195231885772 284.73347286519873 567.9453296401902 290.53992447810197 575.6872651240611 292.797988994231 589.2356522208354 294.41089222003745 599.2356522208354 294.5668149953325 602.0422621761464 323.16678558453856 603.6535281248341 323.5170637115323 603.0267146344243 329.19273938720795 595.7294173371268 334.8684150628836 590.5942822019917 351.2846095770412 580.7776918918973 348.43923679043627 472.02122093722073 352.2294107674021 472.5130207481098 353.80626607847165 472.4901202309791 370.3119294086777 474.61988324132824 372.0766352910307 506.9728244177989 353.84134117338357 510.5022361825048 356.0251770295677 577.7298967686792 366.96051868724544 568.4514250591345 376.60337583010255 562.0228536305631 383.78991885261803 559.7362263052172 380.58209393329355 489.1640780800779 382.01066536186494 477.37836379436357 379.8678082190078 473.4497923657921 378.7963796475792 462.7355066515064 381.2963796475792 460.94979236579206 385.58209393329355 461.30693522293495 388.08209393329355 464.16407808007784 386.2963796475793 470.9497923657921 384.8678082190078 475.9497923657922 385.9719777337036 489.94972401309235 389.8023572854186 559.3753533879266 394.59814479261354 559.2429308506403 407.30084749531625 559.7834713911808 432.976523170992 560.5942822019916 455.13868533315417 562.2159038236133 463.78733398180293 564.918606526316 470.92243621733115 571.482900583002 471.6251718196407 569.2429308506404 476.4900366845055 561.945633553343 480.81436100882985 557.891579499289 481.4530053920941 557.7973532788075 481.62517181964074 553.8375254452349 484.32787452234345 553.026714634424 488.6521988466677 551.945633553343 495.949496143965 546.2699578776673 502.4359826304516 543.8375254452349 512.4359826304516 542.4861740938835 524.0576042520732 541.6753632830727 529.4630096574787 542.2159038236132 534.5981447926138 546.2699578776673 538.9224691169381 550.0537416614511 539.2807720705637 551.0689333633901 541.2481996861687 550.3226677160916 545.430017867987 549.0499404433642 553.2481996861688 547.777213170637 562.8845633225325 547.5953949888188 566.6775029648571 549.5346583117027 568.9224691169383 554.6483362560457 570.0035501980193 565.7294173371267 568.9224691169383 572.4861740938836 566.4900366845058 575.1888767965863 557.3008474953166 577.0807686884782 537.9897684604806 576.6154414828194 538.9224691169381 587.6213092290188 539.0255711728367 591.7969424929115 569.14882904557 580.6644341486406 577.8954359215109 580.4859319674989 579.2480016305204 574.7750989739028 581.2792516305204 571.1813489739028 584.5605016305204 568.2125989739028 583.9355016305204 566.4938489739028 584.2480016305204 564.9313489739028 585.6542516305204 563.9938489739028 587.6855016305204 563.3688489739028 589.0917516305204 564.7750989739028 590.9667516305204 561.6500989739028 595.6542516305205 558.0563489739028 600.2257874316758 555.193039588386 605.2257874316758 554.5408656753425 618.4866569968932 554.5408656753425 620.1106383705835 554.8551846508955 622.3997004751541 553.888691762299 627.2122215095619 553.105258105535 626.9457474880888 552.7406094445719 627.4108637671586 538.554562932944 630.8992358601819 533.6708420027114 640.2015614415773 527.6243303748045 646.713189348554 524.368516421316 655.3178405113447 523.9034001422463 664.6201660927401 524.6010745608509 670.899235860182 525.2987489794556 673.2248172555308 528.0894466538741 676.713189348554 532.7406094445719 679.2713288834377 533.2057257236416 695.3178405113448 530.8801443282928 705.7829567904146 529.9499117701532 706.3190645811413 529.8009929393958 704.526023811754 507.7639478314966 702.7899876731949 508.21498233977314 698.5964392860981 508.86014363009576 696.6609554151304 467.89240169461175 712.4674070280337 466.92465975912785 712.489585355118 467.2821167173324 717.8041388240715 465.76367286906 719.9561487181454 507.2257301615505 728.8209587486947 507.42795863492637 730.1613517798357 526.46153967713 735.5503986508796 526.46153967713 760.4341195811122 524.601074560851 774.6201660927402 522.2754931655021 775.8100066111049 523.0687201777453 774.7993949050639 507.35196571483203 769.5260238117544 507.7639478314968 768.656458594363 487.3291652228011 773.507310736471 487.2578291618878 767.8041388240719 398.5636728690598 773.4041388240719 398.5636728690598 778.1251495547394 487.18991976750146 783.4390672900151 487.1117739184533 783.4390672900151 506.6769913097577 779.1809225817298 507.0096588650925 780.2211351832647 526.5372863393611 787.6434219066937 524.1359582817812 797.4108637671588 514.368516421316 800.6666777206472 509.2522373515486 808.3410963252984 509.01967921201367 820.4341195811123 508.5545629329439 823.367772111892 508.89656019696577 823.6618897589508 518.0142072557893 818.9560074060097 548.3083249028482 817.0491347967363 558.0655691632859 821.2149759494222 558.1306604312966 827.561129795576 559.6691219697582 831.7918990263453 562.7460450466813 832.9671980239134 566.4188544140816 836.4719059686481 566.0156579248643 900.4719059686486 535.6156579248643 899.4553953654928 523.4175306869954 883.3471862066966 524.9276752956326 880.7665410454063 519.7663849730519 880.1213797550837 508.4760623924068 883.9923474970192 500.73412690853576 887.8633152389547 498.798643037568 895.6052507228256 497.18573981176155 903.0246055615354 497.18573981176155 895.804138824072 389.3636728690597 899.5290145985539 388.3875573678287 907.2683174190847 494.110198810044 910.443960400245 493.63735271498734 917.5407345937934 491.3792881988583 922.7020249163741 491.05670755369704 928.5084765292773 491.05670755369704 932.3794442712128 492.9921914246648 935.2826700776645 497.8309011020841 937.5407345937936 510.7341269085358 936.4591366343817 514.7901192563304 938.0719059686487 518.0156579248643 964.4719059686488 512.8156579248642 976.4719059686488 509.2156579248642 978.8719059686489 501.6156579248642 987.748298992621 498.7977553775715 987.6450989201696 498.78915537153387 983.8215695084049 495.84797890094563 978.8215695084049 493.2009200774162 975.2921577436989 492.3185671362397 973.527451861346 487.61268478329856 976.762745978993 479.3773906656515 978.8215695084049 478.2009200774162 981.4686283319343 477.0244494891809 983.8215695084049 476.43621419506326 997.9392165672284 474.6715083127103 1007.3509812731108 472.6126847832985 1015.8803930378167 472.0244494891809 1016.4686283319344 490.259743606828 1015.4858221336502 491.83223352408277 1016.871905968649 491.6156579248642 1022.4719059686488 504.41828030248666 1030.1642136609564 534.4182803024869 1050.9334444301874 583.6490495332564 1061.7026751994183 599.8028956871027 1090.1642136609569 625.956741840949 1130.9334444301883 644.4182803024877 1243.2411367378813 645.9567418409492 1417.856521353267 635.9567418409492 1500.9334444301905 625.956741840949 1466.0322097568153 613.3922973585338 1466.1466893022782 615.0921451548004 1460.2375983931872 616.9103269729821 1452.569378566879 511.47230436124494 1443.6840222681394 512.1387060836504 1439.3090222681394 470.26370608365016 1449.5000805403247 469.2694564961199 1443.873962029551 391.9103269729813 1451.146689302278 392.36487242752673 1456.2814212718274 468.6078622784123 1464.9340222681396 467.76370608365016 1468.6840222681396 510.2637060836504 1459.135046903664 510.97987923598606 1465.472912843405 605.087585613959 1505.866160310994 602.3277985199002 1503.5558214843336 599.7864258105735 1501.9488259190562 588.6835473595654 1487.7940727237076 589.6271975725887 1489.285870399716 581.6964388576196 1487.8572989711447 524.1964388576196 1476.785870399716 408.48215314333385 1470.7144418282874 392.7678674290481 1465.7144418282876 371.69643885761957 1466.785870399716 360.625010286191 1470.3572989711447 348.125010286191 1472.8572989711447 333.48215314333385 1473.5715846854305 325.625010286191 1484.643013256859 338.48215314333385 1487.5001561140018 352.4107245719053 1491.4287275425731 357.0535817147624 1493.5715846854305 373.48215314333385 1488.9287275425731 390.98215314333385 1486.0715846854305 398.48215314333385 1491.0715846854305 477.76786742904807 1498.9287275425734 545.9821531433338 1500.3611146687904 559.0887477512372 1501.7701071986191 555.1435686677162 1514.2701071986194 553.0007115248591 1521.0558214843336 546.5721400962876 1525.6986786271907 543.0007115248591 1526.7701071986194 533.3578543820018 1526.7701071986194 514.7864258105732 1530.6986786271907 510.85785438200173 1538.5558214843336 508.0007115248589 1552.4843929129052 505.14356866771607 1552.8415357700478 505.14356866771607 1567.1272500557623 503.35785438200173 1580.698678627191 502.643568667716 1617.4843929129052 503.0007115248589 1653.1986786271912 505.14356866771607 1660.3415357700483 505.5007115248589 1662.8415357700483 507.2864258105732 1664.9843929129054 515.1435686677161 1664.9843929129054 586.9292829534306 1664.6228254774733 590.1833898723211 1723.2411367378845 585.1875110717178 1821.7026751994235 577.4952033794102
-1 782 1079.7992848688245 589.4686384489103 1073.5354744351444 590.8043488329927 1072.1893205889908 554.8428103714542 1065.7707679714554 457.10086181689945 1062.1642105944063 432.51069788247315 1038.885522069816 421.85496017755514 1020.3638177218262 414.45984745253355 993.8829812039324 416.32469509463874 992.786673604185 403.7171576975437 982.6560138730947 401.6910257513256 938.1902489115655 403.5604573112698 982.6829812039324 401.92469509463865 984.2829812039324 415.92469509463876 928.2829812039322 418.7246950946387 928.2829812039322 403.97697907675587 928.0658499386684 403.98610771853873 925.64622673392 404.30447919284774 927.1515195000027 425.6796364712204 911.5632842058851 426.8561070594557 907.7397547941202 385.6796364712203 924.2103430294144 383.9149305888674 925.2303608154732 398.3991831509029 981.5084728894881 396.2811896857518 992.3281450206357 399.3959437841125 992.4136531120099 399.4274220375305 992.2829812039324 397.92469509463865 1019.4829812039325 395.5246950946387 1021.6682117543785 410.1969573619189 1022.1642105944062 410.37955034148956 1060.8527351845703 427.2647962431289 1063.1478171517833 427.75659952181746 1063.5830686526083 424.87404385431523 1068.1776632472029 425.4145843948558 1075.7452308147706 517.8470168272885
-1 782 1198.0407260534425 601.2497690462853 1196.677089689806 607.1588599553763 1193.9498169625335 610.79522359174 1191.2225442352606 613.5224963190127 1190.3134533261698 613.5224963190127 1180.767998780715 615.3406781371945 1172.8218948846113 616.2892906534541 1170.5718948846113 616.5392906534541 1164.0718948846113 617.2892906534541 1148.321894884611 617.0392906534541 1141.9414601020026 616.3393412095713 1138.0284166237416 614.8176020791366 1135.321894884611 611.0392906534541 1134.571894884611 602.7892906534541 1136.821894884611 598.7892906534541 1141.071894884611 594.2892906534541 1145.821894884611 592.0392906534541 1149.571894884611 591.5392906534541 1149.321894884611 585.2892906534541 1144.321894884611 583.539290653454 1143.071894884611 580.789290653454 1144.321894884611 577.789290653454 1147.821894884611 576.039290653454 1152.071894884611 575.289290653454 1155.071894884611 572.039290653454 1155.8218948846113 568.539290653454 1154.571894884611 566.539290653454 1153.571894884611 561.539290653454 1154.321894884611 558.289290653454 1156.0718948846113 556.289290653454 1158.0718948846113 556.039290653454 1161.0718948846113 555.789290653454 1163.3218948846113 557.789290653454 1164.8218948846113 559.789290653454 1164.3218948846113 562.789290653454 1166.8218948846113 565.789290653454 1168.5718948846113 569.289290653454 1170.3218948846113 576.039290653454 1173.4952715079878 588.9770417735581 1188.9498169625335 587.1588599553762 1194.3327644498288 589.8176020791366 1196.2225442352606 593.5224963190126
-1 782 1265.9371039287948 528.42428555279 1244.9741524143724 530.971186204075 1250.4135514723648 589.5493299055335 1245.2522611497843 590.5170718410172 1239.4907650459788 531.6373921460294 1239.1871039287948 531.67428555279 1235.4371039287946 501.6742855527899 1236.547762062686 501.5613372679874 1236.2463234098186 498.4807812789296 1224.4365992132307 500.71996769151724 1214.028746248088 502.2505343040382 1209.228746248088 457.050534304038 1232.0264546981714 455.3557815184363 1237.8329063110746 454.0654589377911 1238.157277528751 464.0158979025263 1253.228746248088 464.25053430403807 1255.2728762157785 499.10245420336827 1264.9371039287948 498.6742855527899
-1 782 1448.6220460138777 460.0310421212108 1430.028746248089 461.050534304038 1424.428746248089 461.45053430403806 1422.7396930727011 392.08986565062236 1443.327928366819 391.7957480035635
-1 782 1795.6986786271918 544.4292829534304 1794.6272500557634 568.357854382002 1748.9129643414776 571.9292829534305 1743.1986786271918 567.6435686677162 1742.841535770049 559.0721400962876 1743.5558214843345 552.2864258105733 1747.1272500557632 549.0721400962875 1751.7701071986203 546.5721400962875 1759.984392912906 541.5721400962875 1768.5558214843347 537.6435686677161 1788.5558214843347 535.8578543820017 1791.4129643414776 537.2864258105733
-1 782 1829.971374352519 557.0113824328985 1829.062283443428 558.8295642510802 1812.244101625246 563.3750187965348 1809.5168288979735 539.2841097056256 1814.062283443428 539.7386551601711 1820.4259198070642 540.1932006147165 1825.4259198070645 543.8295642510802 1828.6077379888825 552.0113824328985