1 29 3.070722284607107 871.2325440580823 570.9228193768157 1000.4832487276968 680.1655613328508 1.6827452515588448 2.2149407863616943 4.523248195648193 19.65300599623847 0.560840499691767 -1.5592664774169989 0.042340976043770316 [875, 574] [995, 575] [994, 666] [874, 665] [863, 569] [1014, 571] [1013, 686] [861, 685]
1 35 3.950422534538614 1509.175181281819 608.0964157620251 1918.049757502353 1080.0 1.4998925364709235 2.1109863249074676 4.6 3.310903695093033 -3.562435668664403 -1.052194545922217 0.013147267588086048 [1496, 612] [1944, 623] [1945, 945] [1493, 934] [3946, 758] [6418, 819] [6658, 2682] [4056, 2618]
1 36 2.8153917722518313 500.4305116175024 588.9164518380759 752.8817655813435 743.021203841055 1.4998925364709235 2.1109863249074676 4.6 11.88037087853785 3.4533365545708845 -1.2719511881340049 0.04332017885438464 [584, 578] [762, 578] [761, 704] [583, 704] [424, 582] [687, 582] [685, 767] [422, 768]
1 38 3.483144890262872 1238.245447587162 591.1602822416423 1552.6077130604276 769.211081238765 1.4998925364709235 2.1109863249074676 4.6 10.085640430150768 -3.782179329316957 -1.262216557465081 0.01722401150487186 [1229, 588] [1432, 592] [1431, 737] [1227, 733] [1394, 591] [1716, 597] [1717, 828] [1392, 823]
1 40 3.3303592782565046 1116.7496236137858 568.6803800246217 1298.0908247500622 693.7124937516985 1.7329342938239063 2.1109863249074676 4.507259303405364 16.30023530165857 -3.252433714103826 -1.392610398299699 0.008179789377111116 [1111, 567] [1247, 571] [1244, 683] [1108, 678] [1160, 566] [1339, 571] [1335, 719] [1156, 713]
1 41 2.922318778730434 700.840058700064 573.3356149630014 813.2873336624884 662.7993197171257 1.7329342938239063 2.1109863249074676 4.507259303405364 22.76153543237264 4.04671648891768 -1.6363485941394826 0.04332482470619843 [724, 568] [825, 571] [823, 653] [722, 651] [682, 566] [804, 568] [802, 669] [679, 666]
1 61 5.382551815420365 0 579.6500531308113 144.6035169883084 682.5907668384671 1.4998925364709235 2.1109863249074676 4.6 11.22780515067698 13.437171108394981 -1.2338760156936035 -3.115693926815017 [-633, 575] [-913, 574] [-921, 770] [-640, 770] [-107, 573] [-292, 573] [-296, 703] [-111, 704]
1 74 5.846227639620302 460.85193809181567 568.7259106370191 563.7972991148861 643.1745156669851 1.6525015929672116 2.1109863249074676 4.507259303405364 26.423586787466007 10.931373692336347 -1.6907360022835947 -3.0968935618966853 [493, 567] [388, 566] [387, 647] [492, 647] [559, 566] [471, 565] [470, 633] [558, 634]
3 97 3.1058986130260413 1100.3769329372362 569.4204283334703 1143.9489160928106 613.9574068779978 1.7186894619596222 0.792771772943536 1.8890269704049045 48.866328340200866 -6.275803522379092 -2.8397361208623875 0.1634228343549849 [1108, 578] [1127, 578] [1126, 619] [1108, 619] [1121, 578] [1140, 578] [1140, 621] [1121, 621]
2 99 -0.4643845242400897 413.4121910608896 542.2991175452318 467.20064679648584 687.2494289115045 1.8 0.916492707040101 0.675974801365152 12.90248671226381 6.487236616859689 -0.9492742932064278 3.1401003500137774 [404, 530] [319, 530] [315, 699] [401, 699] [433, 533] [352, 532] [348, 693] [430, 693]
5 48 1.8835817509912196 -1 -1 -1 -1 0.9899360088669367 0.6288062611569458 0.1836229825194231 11.003797110734784 19.633329450350903 1.9452320916809815 0.19805693752560494 [-1132, 263] [-1047, 266] [-1052, 369] [-1138, 367] [-1162, 258] [-1075, 261] [-1081, 366] [-1168, 364]
5 47 2.013576599455236 -1 -1 -1 -1 0.9026808690531392 1.3426594845260937 0.2698402699334559 11.310530543238904 19.074240598303472 0.680635171055016 0.09245710387838296 [-1050, 405] [-896, 406] [-896, 498] [-1049, 497] [-1095, 402] [-938, 403] [-937, 497] [-1094, 496]
5 50 5.542597462168035 427.85152105212256 466.02857883016316 476.5649750258351 522.2696724367992 1.0178465303900945 0.9921865058772994 0.16869680293985234 15.416338779406935 7.297510887967998 0.6228582608920292 -2.843115938166647 [451, 440] [368, 438] [367, 517] [450, 517] [452, 442] [370, 441] [369, 518] [452, 518]
4 51 5.525724487055323 425.004071361542 375.16312408148997 452.8836356526476 449.37238496386334 0.9938309788703918 0.3930247517793141 0.21837252951542718 15.08163821130124 7.380039196028833 1.733640150618878 -2.839214616715061 [407, 351] [373, 350] [373, 428] [407, 429] [410, 354] [376, 352] [376, 430] [410, 431]
5 103 2.7517776460329815 534.610714220653 493.38357086750887 573.8378565973887 535.5117825056135 0.8811770422048335 0.82 0.16869680293985234 20.004793887135577 7.39513264814462 0.4070236432062341 0.03572712009251934 [510, 480] [558, 477] [559, 528] [510, 531] [506, 478] [555, 475] [556, 527] [507, 530]
5 104 1.7138450255109348 1401.8452928445886 394.1168812480074 1444.8385126280884 449.22459509486254 1.4567030606497033 1.9722913179883814 0.1854372941197373 26.28764152728277 -10.78270546400381 2.5319515303345916 1.8170002698474452 [1489, 377] [1431, 388] [1431, 452] [1489, 446] [1496, 377] [1438, 388] [1439, 452] [1497, 446]
5 60 1.58711792202448 1344.826841949689 397.63631208146137 1390.2870523164474 419.1397690800549 0.7592672435795816 1.9950581472312783 0.17 28.561471751927364 -10.03118826852522 2.9813193324989284 1.8922306410855625 [1417, 385] [1363, 394] [1362, 425] [1417, 418] [1423, 385] [1369, 395] [1368, 425] [1423, 418]
5 57 1.4570619333474584 1314.1708907605753 362.8586469257155 1333.8084758680745 414.3645093530907 1.58 0.97 0.19989542580692765 30.098594347273863 -9.383940725359958 3.7272933792050726 1.986753484691782 [1355, 348] [1329, 353] [1328, 415] [1355, 412] [1362, 349] [1335, 354] [1334, 416] [1361, 412]
4 59 1.3015088336165532 1289.6965393900648 361.19259037327697 1307.9500227079527 406.88875749480826 1.0057530403137207 0.5390378335825772 0.2966334139100464 31.062556806356383 -8.924309336434202 3.8512936434538765 2.1198499952087038 [1319, 361] [1303, 364] [1303, 402] [1319, 400] [1328, 362] [1311, 365] [1311, 403] [1327, 401]
5 105 6.607671500860196 1426.397212283845 428.39437583556645 1461.6031012302817 477.35304784700975 1.0020183068289408 0.7497030407133038 0.16901228091774967 18.401680034653804 -7.928300844687008 1.2180354610353838 -3.059266537671117 [1511, 419] [1464, 419] [1468, 483] [1515, 484] [1506, 422] [1459, 421] [1462, 485] [1509, 485]
5 106 3.537667230736218 1430.183398462023 465.50274271114563 1455.1092766144502 512.8724340107849 1.0020183068289408 0.5504664336671088 0.1491842714478749 18.59635120037529 -7.9298344767410285 0.7481784163179012 0.006997225090335996 [1460, 452] [1495, 452] [1499, 516] [1463, 516] [1464, 451] [1499, 450] [1503, 514] [1467, 515]
5 107 3.2508602600400263 1329.0416522476658 527.0298547960433 1374.0161255230794 605.7903624684805 1.74 1.02 0.16901228091774967 20.87544314312061 -7.00060170973804 -0.8494789780581449 0.214297789492568 [1340, 530] [1393, 531] [1397, 630] [1344, 629] [1345, 529] [1398, 530] [1402, 629] [1349, 629]
4 108 6.458232601768037 1349.4421002078748 419.67025612329076 1372.7409581820232 476.8240988915975 1.2035265542140816 0.5027392983127943 0.38980909363153976 20.657301404440865 -7.1790370308566285 1.477297349132278 -2.9821670475100786 [1403, 409] [1376, 409] [1382, 478] [1409, 477] [1392, 414] [1365, 414] [1370, 482] [1398, 482]
5 109 1.424521316212276 1214.2531193913292 523.8373997451441 1231.6361355374695 550.0501295620696 1.142578125 0.937803206905242 0.18453093497983883 41.78746534466663 -9.033688094225198 -0.4347250633957647 1.9299767760061923 [1234, 526] [1220, 526] [1219, 559] [1234, 559] [1239, 526] [1224, 526] [1224, 559] [1239, 559]
4 110 1.4490574211628977 1203.5678335624511 480.0980137721938 1216.4266652251226 522.4039872923585 1.4728641500160233 0.4485650325362152 0.38980909363153976 41.77499870626851 -8.601711469307961 0.9307756711969772 1.8956028729318108 [1215, 482] [1208, 483] [1209, 525] [1216, 524] [1225, 482] [1218, 483] [1219, 525] [1226, 524]
4 121 3.9041754014929433 251.45783827344874 430.0770343470483 261.9923016698822 462.5191003216914 1.3513215465655344 0.595498643535702 0.3983220423479812 36.6608413280127 26.260078837072715 3.1304710807924145 -1.3841632726335433 [138, 404] [128, 402] [127, 446] [137, 447] [124, 404] [114, 402] [113, 446] [123, 447]
4 122 1.6878807128774833 1408.8005749591082 453.8827092845002 1430.046610773204 499.8414251074281 1.0680303458274665 0.38713832756197947 0.342045602274949 26.047450955170387 -10.499310018674414 1.2136974336555322 1.8368740847796974 [1453, 450] [1441, 452] [1441, 500] [1453, 499] [1466, 450] [1455, 452] [1455, 501] [1466, 500]
2 123 0.8112979648146705 1829.153277440561 510.1852516708935 1890.4545454545455 726.5985690263294 1.8 0.7205249651046172 0.6101578281508191 6.366632836910839 -6.685260161118776 -0.7631773963913602 3.1401003500137774 [2361, 506] [2217, 505] [2229, 864] [2375, 865] [2234, 512] [2103, 512] [2113, 838] [2245, 838]
1 125 3.3326226002290746 -1 -1 -1 -1 1.4998925364709235 2.1109863249074676 4.6 21.67807567981259 33.89430142266743 -1.509561595884152 -1.1928119675623914 [-627, 563] [-728, 562] [-731, 644] [-630, 638] [-972, 562] [-1115, 561] [-1119, 649] [-976, 642]
5 128 3.7968379659656044 266.1214104818023 466.71561630925146 276.2585470850038 488.53311376487113 0.8056052995647308 0.8317960228192376 0.19450105559438247 40.04204064223457 27.880389437675504 1.9953094775228903 -1.2634688771390907 [157, 456] [148, 454] [148, 478] [157, 480] [150, 456] [142, 454] [141, 478] [150, 480]
5 120 3.785217705009616 254.0295631554156 461.87863233127683 263.4501995520845 487.08102508711045 0.8056052995647308 1.9884835013316784 0.19450105559438247 38.40809599636999 27.410831154207877 2.094119480954062 -1.2634688771390907 [143, 452] [121, 446] [120, 471] [143, 476] [137, 452] [114, 445] [113, 471] [136, 476]
5 129 0.41972794049184936 -1 -1 -1 -1 0.6261558007166194 1.4275525270959302 0.2698402699334559 15.426825062674203 19.41070940062649 0.41661055644494005 1.8226050715771966 [-571, 464] [-466, 470] [-466, 515] [-571, 514] [-544, 465] [-442, 470] [-441, 516] [-544, 514]
5 130 1.8138717962210003 -1 -1 -1 -1 1.2690652428747093 2.2494894353337536 0.2698402699334559 18.70995162117371 27.422902521733267 1.736871018019589 0.35565497657895245 [-835, 371] [-637, 378] [-636, 455] [-834, 452] [-854, 369] [-652, 376] [-652, 454] [-853, 451]
4 132 2.40541729078759 443.8550169803587 378.9229893841357 474.3197818626578 452.04999641282905 1.0767505220240052 0.3930247517793141 0.24278337240180026 15.978020856745434 7.378992671695688 1.8071624333181555 0.3035343239908943 [410, 355] [441, 356] [440, 434] [409, 433] [407, 351] [439, 352] [438, 431] [406, 430]
5 133 2.4926618472702016 430.92315112211384 505.7148086587169 493.43153014592986 553.6730353891038 0.8450396081765481 1.306962751390864 0.16869680293985234 15.514800338992021 7.267452659487137 0.09147750463489758 0.21086431073918144 [365, 489] [470, 489] [470, 552] [364, 553] [361, 487] [468, 487] [467, 550] [360, 552]
5 134 1.1515811639089655 544.05779962053 535.5196151624137 557.1583196498684 607.0824350262193 1.3175117688142506 0.8477357651135493 0.16869680293985234 19.944032918702195 7.462808118588776 -0.7372203829451577 1.6319533251564657 [514, 530] [530, 534] [530, 611] [514, 610] [525, 530] [540, 534] [540, 611] [524, 609]
4 138 6.482126175255765 1351.9660375901806 419.8075467116269 1369.444070885082 437.47274322723 0.3010364124908259 0.29408922108765156 0.25713953337634515 20.693597853087677 -7.148210815421728 1.82773103581608 -3.0079348388198035 [1395, 415] [1379, 415] [1380, 432] [1397, 432] [1388, 419] [1372, 419] [1374, 436] [1390, 436]
4 139 5.532027663149316 427.86079081187137 424.6556300361111 450.0437676597966 447.2935657965092 0.3010364124908259 0.29408922108765156 0.18134361537004898 15.109892390723456 7.391008154055487 1.3605701636268284 -2.84536523316182 [403, 408] [378, 407] [378, 431] [403, 432] [406, 410] [381, 409] [380, 432] [405, 433]