1 29 3.0675129728783848 749.9007921301095 573.7401483177541 1120.234035205152 877.9562743352401 1.615405797958374 2.2149407863616943 4.523248195648193 7.600716276619763 0.23347411585175978 -1.0563767522687573 0.04337195307016373 [795, 558] [1062, 559] [1061, 753] [795, 754] [690, 584] [1182, 585] [1180, 941] [689, 944]
1 31 3.5634218930583916 1295.8166012598867 603.0281565441082 1765.9339812180904 873.9792869989773 1.5186728079416651 2.104976970218756 4.569127957061207 7.19413150455242 -3.6106493180463155 -1.203257350679277 0.04332774467752603 [1281, 589] [1543, 595] [1540, 786] [1278, 781] [1621, 626] [2121, 636] [2116, 1005] [1615, 1000]
1 32 2.6038002758719023 106.04916066265497 565.4276141128474 597.0228477615478 911.331214744116 1.712150123982994 2.1236619208025185 4.498645152128859 6.408528652557517 3.5250462017228528 -1.0036231076655746 0.034906585039886834 [332, 554] [623, 556] [621, 789] [328, 789] [-305, 548] [301, 551] [294, 1033] [-316, 1035]
1 33 3.3512676850080063 1137.216822039955 567.7050228130425 1368.4398254873213 713.0916209054018 1.6760526650477003 2.125413731950142 4.6 13.739258040048188 -3.21379094177316 -1.2438246164465931 0.020106559294250165 [1127, 562] [1285, 564] [1283, 689] [1126, 687] [1199, 567] [1420, 570] [1419, 745] [1198, 742]
1 34 2.871567436766809 528.237150331653 557.8161721336978 771.870389042594 728.9326145551347 1.8499767886696075 2.1620488218201532 4.6 12.883940679243233 3.4453266594961 -1.0958815811773117 0.008726646259971648 [615, 546] [784, 546] [783, 691] [614, 690] [467, 539] [708, 540] [706, 748] [464, 746]
1 35 3.238072931934445 1085.169929984613 570.5353078813455 1214.1092265524983 658.9560327971515 1.4998925364709235 2.1109863249074676 4.6 21.476276663970538 -3.211744306909154 -1.4967464869936253 0.05196804547682283 [1073, 569] [1178, 569] [1178, 645] [1072, 644] [1112, 574] [1242, 574] [1242, 667] [1112, 667]
1 36 2.960880624110259 722.5020780019314 573.1604389047417 848.3041766120448 658.0685233775362 1.4998925364709235 2.1109863249074676 4.6 21.893488521020643 3.606326596264103 -1.4882528778446413 0.01745661597526588 [740, 567] [843, 568] [843, 641] [739, 641] [690, 569] [818, 570] [818, 660] [690, 660]
1 37 3.1264847244992593 904.3647158866962 560.9950467716903 1013.6855601821336 642.3651332886254 1.6831032635108842 2.1620488218201532 4.501494793433892 23.057280469235007 0.1471370251608948 -1.4665983535363756 0.008726646259971648 [912, 561] [1013, 562] [1013, 641] [911, 640] [901, 561] [1025, 562] [1024, 658] [901, 657]
1 38 3.2191497938039686 1069.251322178333 566.6437844780344 1159.2406470532055 633.8111273295341 1.4998925364709235 2.1109863249074676 4.6 28.723009674780474 -3.374145552320248 -1.6718707156115016 0.039378800027090856 [1057, 567] [1137, 568] [1137, 625] [1056, 624] [1080, 568] [1174, 570] [1174, 637] [1079, 636]
1 40 3.167132505812412 1038.2075737587138 556.8474567415095 1107.433290856523 618.9462153643659 1.7329342938239063 2.1109863249074676 4.507259303405364 34.648607463775285 -3.0542752562400395 -1.7345181034551769 0.062382900037410816 [1031, 559] [1099, 560] [1098, 616] [1030, 615] [1050, 559] [1127, 560] [1126, 623] [1049, 623]
1 41 3.0064916145306264 777.2659102831768 555.1850082328244 865.4658111097228 619.7596077779357 1.7329342938239063 2.1109863249074676 4.507259303405364 29.89161299408835 3.5328744399067187 -1.6383333003664533 0.017457304064643197 [800, 559] [878, 560] [877, 624] [799, 624] [775, 558] [866, 559] [865, 633] [774, 633]
1 71 4.19017521171985 729.1451059297138 557.9669105401669 843.1774056972803 598.1502158608773 1.6450135866133913 2.1109863249074676 4.517912327861577 49.590774480955275 8.091147003414408 -2.01051457359361 -1.2103157703989276 [824, 557] [836, 557] [836, 597] [824, 595] [719, 557] [727, 556] [726, 597] [718, 596]
2 99 -0.21076585175174486 703.0433058431116 548.6746489047588 730.317957931346 610.9378444878179 1.8 0.8190117377790875 0.6220451915054483 31.692608643974115 6.829854785390103 -1.3016012605694067 3.140101542193701 [728, 543] [697, 543] [697, 611] [728, 611] [733, 543] [702, 543] [702, 610] [732, 610]
5 49 2.434374619674761 33.295878726003984 494.33887838584025 48.4149642314928 537.4837032865329 0.9597799777984619 0.5490529046436379 0.19189898232168234 18.38984886929459 20.169648624989957 0.49416593212058324 -0.12430462632050131 [-324, 462] [-295, 462] [-295, 523] [-324, 523] [-339, 461] [-309, 461] [-309, 523] [-339, 523]
5 48 2.348321640249756 271.50141564223026 463.0461274101471 292.1538819216205 495.86659998204567 0.9899360088669367 0.6288062611569458 0.1836229825194231 29.29931824514689 19.839556977331515 1.6281485279899743 0.19805693752560494 [160, 440] [187, 441] [187, 480] [159, 480] [156, 440] [184, 440] [183, 480] [155, 479]
5 47 2.4472720947951916 286.14764182927706 511.08973216462294 322.7244946971768 539.8155653897115 0.9026808690531392 1.3426594845260937 0.2698402699334559 29.74130717567677 19.302598864001226 0.2957645221660407 0.11863704265829794 [179, 496] [235, 496] [235, 532] [179, 532] [173, 496] [230, 496] [230, 532] [173, 532]
5 46 2.3073296653660584 356.2921990992654 377.02564039214656 414.22337361047175 395.7332066539791 0.6187598505507854 1.890182614437348 0.20876732822102895 30.526552661753037 16.86123171351146 4.3108558211744805 0.32962009744404047 [277, 347] [359, 349] [359, 373] [278, 371] [275, 345] [357, 348] [358, 372] [276, 370]
5 43 2.251859624972192 409.1277303417191 346.9845241706128 434.3972723586289 373.3291150268062 0.9222530157846588 1 0.20719611791778703 31.006508191781275 15.789767853863792 5.083854484170018 0.4187204241274384 [347, 314] [390, 317] [390, 352] [347, 349] [347, 313] [389, 315] [389, 351] [347, 348]
4 42 2.3840005567130467 443.69511035888513 340.0719105807544 462.25933265879644 385.2822728638226 1.2436151504516602 0.5953734390082626 0.4377982953156525 31.642870078531367 15.060339972810267 5.046762309851656 0.3133710965529756 [397, 315] [421, 316] [421, 363] [397, 362] [394, 312] [419, 314] [419, 360] [394, 359]
5 50 5.768760900690904 695.7645687862797 507.0694394901517 722.2669632486626 534.8598707468548 1.0178465303900945 0.9921865058772994 0.17 33.62669902871476 7.48902702745998 0.3658857539519968 -2.8463026735784696 [724, 497] [689, 497] [689, 533] [725, 533] [724, 497] [688, 497] [688, 533] [724, 533]
4 51 5.756641858384187 697.7517775947221 463.0647668913192 712.216631541348 499.24185131836987 0.9938309788703918 0.3930247517793141 0.2226678865604949 33.27648008272152 7.586945304841642 1.4496746986188758 -2.839214616715061 [708, 458] [693, 458] [693, 494] [708, 494] [707, 459] [693, 459] [693, 494] [707, 494]
5 103 2.9110106992926643 726.7910554420447 514.8486373482045 750.2067592539861 539.2910942666081 0.8811770422048335 0.82 0.16869680293985234 38.267739488848896 7.566245741984895 0.15670949161474623 0.035380960711760515 [723, 511] [748, 509] [750, 536] [725, 538] [722, 510] [748, 509] [749, 536] [724, 538]
5 104 1.5347608593271223 1238.8603650614725 447.5161458381507 1261.437852324649 481.86300817862264 1.4567030606497033 1.9722913179883814 0.1854372941197373 44.254508126706384 -10.658692771791467 2.343134294589137 1.8431802086273603 [1270, 446] [1244, 449] [1244, 488] [1271, 486] [1275, 446] [1248, 449] [1248, 488] [1275, 486]
5 60 1.462157518165872 1208.4189546493155 447.68152237305196 1233.9614170197267 462.6893797069352 0.7592672435795816 1.9950581472312783 0.17 46.48437276811784 -10.043724980971065 2.8395223610950437 1.8922306410855625 [1241, 446] [1215, 449] [1214, 468] [1241, 466] [1245, 446] [1218, 449] [1218, 468] [1245, 466]
5 57 1.2873132519074162 1191.770075496846 423.9825233969123 1203.3522889515798 456.3056142214991 1.58 0.97 0.19989542580692765 47.988799114475974 -9.303563089835894 3.5500651823135985 2.0457733326641057 [1209, 421] [1194, 423] [1193, 462] [1209, 461] [1213, 421] [1198, 423] [1197, 462] [1213, 461]
4 59 1.3034486959623464 1175.8288232713971 422.6117359705887 1187.1705600463995 449.56527842465744 1.0057530403137207 0.5390378335825772 0.2966334139100464 48.81008545738475 -8.8539633771244 3.7633452566841594 2.01758893587952 [1189, 425] [1181, 426] [1181, 451] [1189, 450] [1195, 425] [1187, 426] [1187, 451] [1195, 450]
5 105 6.411484162272758 1207.6307098510379 482.895967137504 1228.4446216420574 508.65693511088733 1 0.7497030407133038 0.16901228091774967 36.393603078990864 -7.7570343477835655 0.960021118117243 -3.0598911715302215 [1238, 482] [1214, 482] [1214, 515] [1239, 515] [1237, 483] [1213, 483] [1213, 515] [1237, 515]
5 106 3.3437130887939297 1211.4066695137228 502.80973171098736 1224.7296749782354 525.9096350302716 1.0020183068289408 0.5504664336671088 0.1491842714478749 36.635991206091866 -7.772878432284564 0.45623064768483707 0.006944497401577048 [1215, 499] [1233, 499] [1233, 532] [1215, 532] [1216, 499] [1234, 499] [1234, 532] [1216, 532]
5 107 3.176977875275528 1162.7993581681112 534.2205627549001 1191.1764899238547 585.4186983440244 1.74 1.02 0.17 39.04494943836551 -6.844425604285635 -1.1558059711513202 0.13814768805257122 [1164, 539] [1194, 539] [1194, 592] [1164, 592] [1166, 538] [1196, 539] [1196, 592] [1166, 592]
4 108 6.303216540013685 1176.1783744275197 471.5474307282716 1188.0239437525822 506.1676118894661 1.2035265542140816 0.5027392983127943 0.38980909363153976 38.579383639695386 -6.998625713989056 1.2581742183659255 -2.9821670475100786 [1196, 472] [1181, 472] [1183, 509] [1198, 508] [1192, 474] [1177, 474] [1179, 511] [1194, 510]
2 123 0.27911570123847274 1256.1649995056603 540.1563242597296 1283.3274894121535 614.8573380706464 1.8071995317377731 0.7075306883096119 0.6101578281508191 24.580391696713075 -6.363666361546652 -1.1330394542897497 3.115806873799067 [1300, 541] [1265, 541] [1266, 630] [1301, 630] [1293, 542] [1259, 542] [1259, 629] [1294, 629]
5 133 2.7127669369925616 689.5997156771806 531.8681632016588 731.4175946439419 553.0436663129868 0.8450396081765481 1.306962751390864 0.16869680293985234 33.77167477110143 7.525557718095857 -0.2838314331868534 0.20957159163289757 [683, 524] [729, 523] [730, 553] [683, 553] [682, 523] [729, 523] [730, 552] [683, 553]
4 138 6.3125594466131005 1177.8147437658797 474.9964974030901 1189.053201697272 485.36547356260155 0.3010364124908259 0.29408922108765156 0.25713953337634515 38.67389525769631 -6.999896096284215 1.6481744693033473 -2.991907383685079 [1193, 474] [1184, 474] [1184, 483] [1193, 483] [1190, 475] [1181, 475] [1182, 484] [1191, 484]
4 139 5.763361916354652 698.9053274427597 464.1540306911121 709.7004490384495 475.2302795605302 0.3010364124908259 0.29408922108765156 0.18134361537004898 33.26353048642393 7.564069143765112 1.7828856379259939 -2.84536523316182 [707, 459] [696, 459] [696, 469] [707, 470] [706, 459] [695, 459] [695, 470] [706, 470]