1 29 3.067473677304125 748.7908009034671 573.1471013838775 1120.5348685714278 878.3859820650644 1.615405797958374 2.2149407863616943 4.523248195648193 7.624363323319519 0.23450037804178853 -1.050395621845561 0.04337195307016373 [796, 558] [1062, 559] [1061, 752] [795, 752] [691, 582] [1181, 583] [1179, 938] [690, 941]
1 31 3.561135107585489 1295.6212383903862 600.8171209345732 1763.8342825100874 874.4912102924718 1.5186728079416651 2.104976970218756 4.569127957061207 7.193219901862389 -3.5896225612576296 -1.2028868384100089 0.04332774467752603 [1279, 589] [1540, 595] [1537, 786] [1275, 781] [1616, 626] [2116, 636] [2111, 1005] [1610, 1000]
1 32 2.5976921888756337 106.04916066265497 565.4276141128474 597.0228477615478 911.331214744116 1.712150123982994 2.1236619208025185 4.498645152128859 6.3852290489424535 3.49048245078169 -1.0030129923590145 0.04363323129985836 [331, 554] [625, 556] [623, 790] [328, 790] [-299, 548] [314, 551] [307, 1034] [-311, 1039]
1 33 3.3514290338575883 1137.216822039955 567.7050228130425 1368.4398254873213 713.0916209054018 1.6760526650477003 2.125413731950142 4.6 13.774844519179927 -3.224459333109969 -1.244544674164721 0.020106559294249697 [1127, 562] [1285, 564] [1284, 689] [1126, 687] [1200, 567] [1420, 570] [1419, 744] [1198, 742]
1 34 2.871567436766809 528.237150331653 557.8161721336978 771.870389042594 728.9326145551347 1.8499767886696075 2.1620488218201532 4.6 12.883940679243233 3.4453266594961 -1.095881587463739 0.008726646259971648 [615, 546] [784, 546] [783, 691] [614, 690] [467, 539] [708, 540] [706, 748] [464, 746]
1 35 3.266154454336999 1085.169929984613 570.5353078813455 1214.1092265524983 658.9560327971515 1.4998925364709235 2.1109863249074676 4.6 21.408646369745746 -3.2495461336001257 -1.5062540342061033 0.026074995714697877 [1078, 570] [1184, 570] [1183, 646] [1077, 645] [1111, 574] [1242, 575] [1242, 669] [1111, 668]
1 36 2.958546917177787 716.0493470218169 573.1604389047417 841.8514456319301 658.0685233775362 1.4998925364709235 2.1109863249074676 4.6 21.89257494165677 3.6586734956547087 -1.4882369375439561 0.01745661597526588 [737, 567] [841, 568] [840, 641] [737, 641] [687, 569] [815, 570] [815, 660] [686, 660]
1 37 3.128842696768555 904.3647158866962 560.9950467716903 1013.6855601821336 642.3651332886254 1.6831032635108842 2.1620488218201532 4.501494793433892 22.954898411425955 0.0923551835306729 -1.4639173912869154 0.008726646259971648 [914, 561] [1016, 562] [1016, 641] [914, 641] [904, 561] [1028, 562] [1028, 659] [904, 658]
1 38 3.3055896450172244 1069.251322178333 566.6437844780344 1159.2406470532055 633.8111273295341 1.4998925364709235 2.1109863249074676 4.6 28.642263758882933 -3.2944033970604547 -1.6886131582911879 -0.0494812519160879 [1061, 568] [1142, 568] [1143, 626] [1061, 626] [1066, 570] [1162, 569] [1163, 637] [1067, 638]
1 40 3.2025923805348553 1038.2075737587138 556.8474567415095 1107.433290856523 618.9462153643659 1.7329342938239063 2.1109863249074676 4.507259303405364 34.6355463647575 -3.036680386390717 -1.7304884342819105 0.026451907522607253 [1033, 559] [1101, 560] [1101, 616] [1033, 615] [1046, 559] [1123, 559] [1123, 623] [1046, 623]
1 41 3.0046426425054524 777.2659102831768 555.1850082328244 865.4658111097228 619.7596077779357 1.7329342938239063 2.1109863249074676 4.507259303405364 29.893947218872697 3.5850820769953637 -1.6145111847410136 0.017593357124896642 [798, 558] [876, 559] [875, 623] [797, 623] [773, 558] [864, 558] [863, 633] [772, 632]
1 69 3.9479873789543176 442.24930492313285 558.7322336114687 549.6112182713424 595.2760340284755 1.4998925364709235 2.1109863249074676 4.6 45.805832961054804 19.471381549363873 -1.8330040580695468 -1.208337533612526 [531, 555] [531, 555] [531, 594] [530, 593] [405, 555] [400, 555] [399, 595] [405, 593]
2 99 -0.20820122607963373 706.9379889385901 547.1167756665674 734.2126410268245 609.3799712496265 1.8 0.8190117377790875 0.6220451915054483 31.69248186667887 6.744820166384182 -1.3013975923153245 3.140101542193701 [731, 543] [700, 543] [700, 611] [731, 611] [736, 543] [705, 543] [705, 610] [735, 610]
5 49 2.434374619674761 33.295878726003984 494.33887838584025 48.4149642314928 537.4837032865329 0.9597799777984619 0.5490529046436379 0.19189898232168234 18.38984886929459 20.169648624989957 0.5155798525405336 -0.12430462632050131 [-324, 460] [-295, 460] [-295, 521] [-324, 521] [-339, 460] [-309, 460] [-309, 521] [-339, 521]
5 48 2.3483251522039312 271.50141564223026 463.0461274101471 292.1538819216205 495.86659998204567 0.9899360088669367 0.6288062611569458 0.1836229825194231 29.299633115547316 19.839620107874936 1.6355037633324838 0.19805693752560494 [160, 440] [187, 441] [187, 480] [159, 480] [156, 439] [184, 440] [183, 480] [155, 479]
5 47 2.4472720947951916 286.14764182927706 511.08973216462294 322.7244946971768 539.8155653897115 0.9026808690531392 1.3426594845260937 0.2698402699334559 29.74130717567677 19.302598864001226 0.2957645158796283 0.11863704265829794 [179, 496] [235, 496] [235, 532] [179, 532] [173, 496] [230, 496] [230, 532] [173, 532]
5 46 2.3073296653660584 356.2921990992654 377.02564039214656 414.22337361047175 395.7332066539791 0.6187598505507854 1.890182614437348 0.20876732822102895 30.526552661753037 16.86123171351146 4.310855814888077 0.32962009744404047 [277, 347] [359, 349] [359, 373] [278, 371] [275, 345] [357, 348] [358, 372] [276, 370]
5 43 2.251859624972192 409.1277303417191 346.9845241706128 434.3972723586289 373.3291150268062 0.9222530157846588 1 0.20719611791778703 31.006508191781275 15.789767853863792 5.083854477883591 0.4187204241274384 [347, 314] [390, 317] [390, 352] [347, 349] [347, 313] [389, 315] [389, 351] [347, 348]
4 42 2.3840005567130467 443.69511035888513 340.0719105807544 462.25933265879644 385.2822728638226 1.2436151504516602 0.5953734390082626 0.4377982953156525 31.642870078531367 15.060339972810267 5.046762303565228 0.3133710965529756 [397, 315] [421, 316] [421, 363] [397, 362] [394, 312] [419, 314] [419, 360] [394, 359]
5 50 5.769032289265756 695.7645687862797 507.0694394901517 722.2669632486626 534.8598707468548 1.0178465303900945 0.9921865058772994 0.17 33.62942574281942 7.480055550653448 0.3659503066676426 -2.8463026735784696 [725, 497] [689, 497] [689, 533] [725, 533] [724, 497] [689, 497] [689, 533] [724, 533]
4 51 5.7569963248535965 697.7517775947221 463.0647668913192 712.216631541348 499.24185131836987 0.9938309788703918 0.3930247517793141 0.2226678865604949 33.28004203538753 7.5753485408918735 1.4436092485781606 -2.839214616715061 [708, 459] [694, 458] [694, 494] [708, 494] [708, 459] [693, 459] [693, 494] [707, 494]
5 103 2.9110106992926643 726.7910554420447 514.8486373482045 750.2067592539861 539.2910942666081 0.8811770422048335 0.82 0.16869680293985234 38.267739488848896 7.566245741984895 0.15670948532832485 0.035380960711760515 [723, 511] [748, 509] [750, 536] [725, 538] [722, 510] [748, 509] [749, 536] [724, 538]
5 104 1.535046961220268 1238.8603650614725 447.5161458381507 1261.437852324649 481.86300817862264 1.4567030606497033 1.9722913179883814 0.1854372941197373 44.22409862585385 -10.664756128808849 2.477378292121877 1.8431802086273603 [1271, 442] [1244, 446] [1244, 484] [1271, 482] [1275, 442] [1248, 446] [1249, 484] [1276, 482]
5 60 1.4055848994286664 1208.4189546493155 447.68152237305196 1233.9614170197267 462.6893797069352 0.7592672435795816 1.9950581472312783 0.17 46.43675153059415 -10.032017255721204 2.8295215845252013 1.9487740780303802 [1243, 446] [1213, 449] [1213, 468] [1243, 466] [1246, 446] [1217, 449] [1217, 468] [1246, 466]
5 57 1.2873132519074162 1191.770075496846 423.9825233969123 1203.3522889515798 456.3056142214991 1.58 0.97 0.19989542580692765 47.988799114475974 -9.303563089835894 3.550065176027159 2.0457733326641057 [1209, 421] [1194, 423] [1193, 462] [1209, 461] [1213, 421] [1198, 423] [1197, 462] [1213, 461]
4 59 1.303860377976914 1175.8288232713971 422.6117359705887 1187.1705600463995 449.56527842465744 1.0057530403137207 0.5390378335825772 0.2966334139100464 48.82097920922215 -8.876701072680943 3.76334525039772 2.01758893587952 [1190, 425] [1182, 426] [1182, 451] [1190, 450] [1196, 425] [1188, 426] [1188, 451] [1196, 450]
5 105 6.411484162272758 1207.6307098510379 482.895967137504 1228.4446216420574 508.65693511088733 1 0.7497030407133038 0.16901228091774967 36.393603078990864 -7.7570343477835655 0.9600211118308096 -3.0598911715302215 [1238, 482] [1214, 482] [1214, 515] [1239, 515] [1237, 483] [1213, 483] [1213, 515] [1237, 515]
5 106 3.343395283161644 1211.4066695137228 502.80973171098736 1224.7296749782354 525.9096350302716 1.0020183068289408 0.5504664336671088 0.1491842714478749 36.63331309746372 -7.760144712177063 0.43045729211731315 0.006944497401577048 [1214, 500] [1232, 500] [1233, 533] [1215, 533] [1215, 500] [1233, 500] [1234, 532] [1216, 532]
5 107 3.176977875275528 1162.7993581681112 534.2205627549001 1191.1764899238547 585.4186983440244 1.74 1.02 0.17 39.04494943836551 -6.844425604285635 -1.1558059774377536 0.13814768805257122 [1164, 539] [1194, 539] [1194, 592] [1164, 592] [1166, 538] [1196, 539] [1196, 592] [1166, 592]
4 108 6.301877084197658 1176.1783744275197 471.5474307282716 1188.0239437525822 506.1676118894661 1.2035265542140816 0.5027392983127943 0.38980909363153976 38.61147103531917 -6.951039223716682 1.2516559923261419 -2.9821670475100786 [1194, 472] [1179, 472] [1182, 509] [1197, 509] [1190, 474] [1176, 474] [1178, 511] [1193, 511]
2 123 0.2791043545192408 1255.2383219296628 543.4821936352769 1282.0722174784823 621.9300913305024 1.8071995317377731 0.7075306883096119 0.6101578281508191 24.58134468053513 -6.363615470206664 -1.1111990164687549 3.115806873799067 [1300, 540] [1265, 540] [1266, 629] [1301, 629] [1293, 541] [1259, 541] [1259, 628] [1294, 628]
5 133 2.7127669369925616 690.208259757781 528.6225947717897 730.8090505633414 549.7980978831177 0.8450396081765481 1.306962751390864 0.16869680293985234 33.77167477110143 7.525557718095857 -0.28383143947327477 0.20957159163289757 [683, 524] [729, 523] [730, 553] [683, 553] [682, 523] [729, 523] [730, 552] [683, 553]
4 138 6.311955003147176 1177.0896272740827 474.6895462374485 1188.3509382501911 485.0835214819333 0.3010364124908259 0.29408922108765156 0.25713953337634515 38.59097286388002 -6.960799715344673 1.6540472420227141 -2.991907383685079 [1192, 474] [1183, 474] [1184, 483] [1192, 483] [1189, 475] [1181, 475] [1181, 484] [1190, 484]
4 139 5.763361916354652 698.8196241536507 464.23973419720386 709.6147457490604 475.3159830655738 0.3010364124908259 0.29408922108765156 0.18134361537004898 33.26353048642393 7.564069143765112 1.7828856316395725 -2.84536523316182 [707, 459] [696, 459] [696, 469] [707, 470] [706, 459] [695, 459] [695, 470] [706, 470]