1 29 3.0675687244120025 749.3166038243854 572.7816130309868 1121.7629216017351 886.1846325657083 1.615405797958374 2.2149407863616943 4.523248195648193 7.567417144775391 0.23202896118164062 -1.0498133897781372 0.04337195307016373 [795, 558] [1063, 559] [1062, 753] [794, 754] [688, 582] [1184, 584] [1181, 942] [687, 945]
1 31 3.561135107585489 1295.621238368625 605.1807609270977 1761.6524627123345 867.9457516944728 1.5186728079416651 2.104976970218756 4.569127957061207 7.193219901862389 -3.5896225612576296 -1.2028868421352992 0.04332774467752603 [1279, 589] [1540, 595] [1537, 786] [1275, 781] [1616, 626] [2116, 636] [2111, 1005] [1610, 1000]
1 32 2.6105911743940466 106.04916066265497 565.4276141128474 597.0228477615478 911.331214744116 1.712150123982994 2.1236619208025185 4.498645152128859 6.384314464723845 3.527841833089403 -1.0029890468536864 0.026179938779914938 [333, 554] [625, 556] [622, 790] [330, 790] [-316, 548] [289, 551] [282, 1036] [-327, 1037]
1 33 3.3420913606163216 1137.216822039955 567.7050228130425 1368.4398254873213 713.0916209054018 1.6760526650477003 2.125413731950142 4.6 13.772050910759637 -3.2149304654289805 -1.2444207715586773 0.02883320555422137 [1125, 562] [1282, 564] [1281, 689] [1124, 687] [1201, 567] [1421, 570] [1419, 744] [1199, 742]
1 34 2.8772419378682605 528.237150331653 557.8161721336978 771.870389042594 728.9326145551347 1.8499767886696075 2.1620488218201532 4.6 12.87226554784717 3.3640553329128906 -1.114081976582193 0.008726646259971648 [621, 547] [790, 548] [789, 693] [620, 692] [475, 541] [716, 543] [715, 750] [473, 749]
1 35 3.2748918915462175 1086.967475974827 570.5353078813455 1214.1092265524983 658.9560327971515 1.4998925364709235 2.1109863249074676 4.6 21.406016993377047 -3.2517543392043935 -1.522366057350155 0.01745661597526588 [1079, 571] [1185, 572] [1185, 647] [1079, 647] [1110, 574] [1241, 575] [1241, 668] [1109, 668]
1 36 2.958824220658549 716.0493470218169 573.1604389047417 841.8514456319301 658.0685233775362 1.4998925364709235 2.1109863249074676 4.6 21.893341083564547 3.5953522722476237 -1.5032514218503694 0.02 [740, 568] [844, 569] [843, 642] [739, 642] [691, 570] [819, 570] [819, 661] [691, 661]
1 37 3.1226090747178508 903.4428971752512 560.9950467716903 1012.7637414706886 642.3651332886254 1.6831032635108842 2.1620488218201532 4.501494793433892 22.947221964206047 0.23537636360730962 -1.4637163801673712 0.008726646259971648 [907, 561] [1009, 561] [1009, 641] [907, 641] [896, 561] [1020, 562] [1020, 659] [895, 658]
1 38 3.2472007339557503 1069.251322178333 566.6437844780344 1159.2406470532055 633.8111273295341 1.4998925364709235 2.1109863249074676 4.6 28.691042727214217 -3.3054463517077295 -1.657733726835624 0.00909452595634502 [1056, 567] [1138, 567] [1137, 625] [1056, 624] [1073, 568] [1168, 568] [1168, 636] [1073, 636]
1 40 3.211991031562128 1038.2075737587138 556.8474567415095 1107.433290856523 618.9462153643659 1.7329342938239063 2.1109863249074676 4.507259303405364 34.64899922997963 -3.040692854956725 -1.7649715076784487 0.017134394604045047 [1034, 560] [1102, 561] [1101, 617] [1033, 616] [1046, 560] [1123, 561] [1122, 625] [1044, 623]
1 41 2.999254559726711 774.8691822962246 556.9825542230386 863.0690831227707 621.5571537681499 1.7329342938239063 2.1109863249074676 4.507259303405364 29.886969326087748 3.7616354483660306 -1.6163236900356905 0.017134394604045047 [792, 558] [870, 559] [868, 623] [790, 622] [766, 557] [857, 559] [855, 634] [764, 632]
1 63 4.182762847042109 725.4064795478495 538.3918052994353 859.0322960154293 602.0468947255658 2.523079726898441 2.3200847263006397 5.41 46.39180195559483 7.006485861034711 -1.4644718874512954 -1.1910658906574694 [850, 534] [867, 534] [866, 599] [850, 595] [717, 533] [727, 534] [727, 601] [717, 598]
1 64 3.8742884821582324 425.33725477624586 555.2049427589174 531.2675011186836 595.3330083546712 1.5 2.1109863249074676 4.507259303405364 45.22493496458791 20.214753279392397 -1.712224028464038 -1.1530375453215294 [504, 553] [507, 553] [505, 593] [503, 591] [378, 551] [375, 551] [374, 592] [377, 590]
2 99 -0.2049738002443582 710.390540031179 546.4270354437085 738.0471131145662 613.5669003024035 1.8 0.8190117377790875 0.6220451915054483 31.677313928091657 6.634798360633097 -1.3008725837689592 3.140101542193701 [735, 543] [704, 543] [704, 611] [735, 611] [740, 543] [709, 543] [709, 610] [739, 610]
5 49 2.434374619674761 31.77695252581812 493.83256965244493 49.17442733158573 538.2431663866258 0.9597799777984619 0.5490529046436379 0.19189898232168234 18.38984886929459 20.169648624989957 0.5155798488152522 -0.12430462632050131 [-324, 460] [-295, 460] [-295, 521] [-324, 521] [-339, 460] [-309, 460] [-309, 521] [-339, 521]
5 48 2.3483251522039312 271.50141564223026 463.0461274101471 292.1538819216205 495.86659998204567 0.9899360088669367 0.6288062611569458 0.1836229825194231 29.299633115547316 19.839620107874936 1.6355037596072006 0.19805693752560494 [160, 440] [187, 441] [187, 480] [159, 480] [156, 439] [184, 440] [183, 480] [155, 479]
5 47 2.4472720947951916 286.14764182927706 511.08973216462294 322.7244946971768 539.8155653897115 0.9026808690531392 1.3426594845260937 0.2698402699334559 29.74130717567677 19.302598864001226 0.2957645121543469 0.11863704265829794 [179, 496] [235, 496] [235, 532] [179, 532] [173, 496] [230, 496] [230, 532] [173, 532]
5 46 2.3073296653660584 356.2921990992654 377.02564039214656 414.22337361047175 395.7332066539791 0.6187598505507854 1.890182614437348 0.20876732822102895 30.526552661753037 16.86123171351146 4.310855811162801 0.32962009744404047 [277, 347] [359, 349] [359, 373] [278, 371] [275, 345] [357, 348] [358, 372] [276, 370]
5 43 2.251859624972192 409.1277303417191 346.9845241706128 434.3972723586289 373.3291150268062 0.9222530157846588 1 0.20719611791778703 31.006508191781275 15.789767853863792 5.083854474158301 0.4187204241274384 [347, 314] [390, 317] [390, 352] [347, 349] [347, 313] [389, 315] [389, 351] [347, 348]
4 42 2.3842288028903007 443.69511035888513 340.0719105807544 462.25933265879644 385.2822728638226 1.2436151504516602 0.5953734390082626 0.4377982953156525 31.645356992456765 15.05266546232923 5.046762299839938 0.3133710965529756 [397, 315] [421, 316] [421, 363] [397, 362] [394, 312] [419, 314] [419, 360] [394, 359]
5 50 5.769032289265756 696.0177231529774 506.81628512345407 722.5201176153603 534.6067163801571 1.0178465303900945 0.9921865058772994 0.17 33.62942574281942 7.480055550653448 0.36595030294235587 -2.8463026735784696 [725, 497] [689, 497] [689, 533] [725, 533] [724, 497] [689, 497] [689, 533] [724, 533]
4 51 5.7569963248535965 697.7517775947221 463.0647668913192 712.216631541348 499.24185131836987 0.9938309788703918 0.3930247517793141 0.2226678865604949 33.28004203538753 7.5753485408918735 1.443609244852874 -2.839214616715061 [708, 459] [694, 458] [694, 494] [708, 494] [708, 459] [693, 459] [693, 494] [707, 494]
5 103 2.9110106992926643 726.7910554420447 514.8486373482045 750.2067592539861 539.2910942666081 0.8811770422048335 0.82 0.16869680293985234 38.267739488848896 7.566245741984895 0.1567094816030381 0.035380960711760515 [723, 511] [748, 509] [750, 536] [725, 538] [722, 510] [748, 509] [749, 536] [724, 538]
5 104 1.535046961220268 1238.8603650614725 447.5161458381507 1261.437852324649 482.36931691201795 1.4567030606497033 1.9722913179883814 0.1854372941197373 44.22409862585385 -10.664756128808849 2.47737828839658 1.8431802086273603 [1271, 442] [1244, 446] [1244, 484] [1271, 482] [1275, 442] [1248, 446] [1249, 484] [1276, 482]
5 60 1.4055848994286664 1208.4189546493155 447.68152237305196 1233.9614170197267 462.6893797069352 0.7592672435795816 1.9950581472312783 0.17 46.43675153059415 -10.032017255721204 2.829521580799904 1.9487740780303802 [1243, 446] [1213, 449] [1213, 468] [1243, 466] [1246, 446] [1217, 449] [1217, 468] [1246, 466]
5 57 1.2879089433236877 1191.770075496846 423.9825233969123 1203.3522889515798 456.3056142214991 1.58 0.97 0.19989542580692765 47.946943468174034 -9.325087064547457 3.5618315880016858 2.0457733326641057 [1210, 421] [1194, 423] [1194, 462] [1209, 460] [1214, 421] [1198, 423] [1198, 462] [1213, 461]
4 59 1.3041703641847129 1175.8288232713971 422.6117359705887 1187.1705600463995 449.56527842465744 1.0057530403137207 0.5390378335825772 0.2966334139100464 48.78324141527487 -8.885462468584867 3.7633452466724227 2.01758893587952 [1190, 425] [1182, 426] [1182, 451] [1190, 450] [1196, 425] [1188, 426] [1188, 451] [1196, 450]
5 105 6.411484162272758 1207.6307098510379 482.895967137504 1228.4446216420574 508.65693511088733 1 0.7497030407133038 0.16901228091774967 36.393603078990864 -7.7570343477835655 0.9600211081055158 -3.0598911715302215 [1238, 482] [1214, 482] [1214, 515] [1239, 515] [1237, 483] [1213, 483] [1213, 515] [1237, 515]
5 106 3.3434198159846695 1211.4066695137228 502.80973171098736 1224.7296749782354 525.9096350302716 1.0020183068289408 0.5504664336671088 0.1491842714478749 36.65066400979783 -7.764759704671714 0.44845624032684756 0.006944497401577048 [1214, 500] [1232, 499] [1233, 532] [1215, 532] [1215, 499] [1233, 499] [1234, 532] [1216, 532]
5 107 3.176977875275528 1163.5588212682042 534.2205627549001 1191.1764899238547 585.4186983440244 1.74 1.02 0.17 39.04494943836551 -6.844425604285635 -1.1558059811630474 0.13814768805257122 [1164, 539] [1194, 539] [1194, 592] [1164, 592] [1166, 538] [1196, 539] [1196, 592] [1166, 592]
4 108 6.301877084197658 1176.1783744275197 471.5474307282716 1188.0239437525822 506.1676118894661 1.2035265542140816 0.5027392983127943 0.38980909363153976 38.61147103531917 -6.951039223716682 1.251655988600848 -2.9821670475100786 [1194, 472] [1179, 472] [1182, 509] [1197, 509] [1190, 474] [1176, 474] [1178, 511] [1193, 511]
2 123 0.27823695346179445 1254.0670391885026 543.9049315425835 1283.6710899417324 627.0462189176458 1.8071995317377731 0.7075306883096119 0.6101578281508191 24.617529935214023 -6.350203871963231 -1.1128091750214328 3.115806873799067 [1299, 540] [1264, 540] [1265, 629] [1300, 629] [1292, 541] [1258, 541] [1258, 628] [1293, 628]
5 133 2.7127669369925616 690.208259757781 527.06222516392 730.8090505633414 548.237728275248 0.8450396081765481 1.306962751390864 0.16869680293985234 33.77167477110143 7.525557718095857 -0.2838314431985615 0.20957159163289757 [683, 524] [729, 523] [730, 553] [683, 553] [682, 523] [729, 523] [730, 552] [683, 553]
4 138 6.311677832843465 1176.7696873170673 475.3438603352066 1188.0216954036177 485.72643488616166 0.3010364124908259 0.29408922108765156 0.25713953337634515 38.618901749570284 -6.954785641732834 1.6337440359370397 -2.991907383685079 [1192, 474] [1183, 474] [1183, 484] [1192, 484] [1189, 476] [1180, 476] [1181, 485] [1190, 485]
4 139 5.763361916354652 698.6350322810772 463.8573661009272 709.4301538763211 474.93361496867595 0.3010364124908259 0.29408922108765156 0.18134361537004898 33.26353048642393 7.564069143765112 1.7828856279142857 -2.84536523316182 [707, 459] [696, 459] [696, 469] [707, 470] [706, 459] [695, 459] [695, 470] [706, 470]