1 29 3.0674896824068307 751.714712595709 573.057983363209 1119.6215062459394 875.7226291400143 1.615405797958374 2.2149407863616943 4.523248195648193 7.614714127326286 0.2340816109484699 -1.0580541787604927 0.04337195307016373 [795, 559] [1062, 560] [1061, 753] [795, 753] [690, 584] [1181, 585] [1179, 940] [689, 943]
1 31 3.561135107585489 1293.4394186625923 600.8171200808255 1766.0161023333526 878.8548485025583 1.5186728079416651 2.104976970218756 4.569127957061207 7.193219901862389 -3.5896225612576296 -1.2028868314250896 0.04332774467752603 [1279, 589] [1540, 595] [1537, 786] [1275, 781] [1616, 626] [2116, 636] [2111, 1005] [1610, 1000]
1 32 2.6029786096712897 106.04916066265497 565.4276141128474 597.0228477615478 911.331214744116 1.712150123982994 2.1236619208025185 4.498645152128859 6.358272303812228 3.504210571431459 -1.019434468522411 0.034906585039886855 [331, 557] [624, 558] [622, 793] [328, 793] [-315, 553] [299, 556] [292, 1043] [-326, 1046]
1 33 3.3422712918670565 1137.216822039955 567.7050228130425 1368.4398254873213 713.0916209054018 1.6760526650477003 2.125413731950142 4.6 13.740365773259304 -3.210141082822027 -1.2438161589888224 0.028833205554221877 [1125, 562] [1283, 564] [1282, 689] [1124, 687] [1201, 567] [1422, 570] [1420, 745] [1199, 743]
1 34 2.871567436766809 528.237150331653 557.8161721336978 771.870389042594 728.9326145551347 1.8499767886696075 2.1620488218201532 4.6 12.883940679243233 3.4453266594961 -1.0958815804788198 0.008726646259971648 [615, 546] [784, 546] [783, 691] [614, 690] [467, 539] [708, 540] [706, 748] [464, 746]
1 35 3.2569057344422716 1085.169929984613 570.5353078813455 1214.1092265524983 658.9560327971515 1.4998925364709235 2.1109863249074676 4.6 21.426698981573086 -3.2340713327338744 -1.5247081138617804 0.03449265053663132 [1076, 573] [1182, 573] [1182, 648] [1076, 648] [1111, 573] [1242, 574] [1242, 667] [1111, 667]
1 36 2.9612418765627733 722.5020780019314 573.1604389047417 848.3041766120448 658.0685233775362 1.4998925364709235 2.1109863249074676 4.6 21.86104882046571 3.5928719272520135 -1.5024054735349417 0.01745661597526588 [740, 568] [844, 569] [843, 642] [739, 642] [691, 570] [819, 570] [818, 662] [690, 661]
1 37 3.1187146896319717 904.3647158866962 560.9950467716903 1013.6855601821336 642.3651332886254 1.6831032635108842 2.1620488218201532 4.501494793433892 23.01714982945123 0.3257447445508735 -1.465547495051985 0.008726646259971648 [903, 561] [1005, 561] [1005, 641] [903, 640] [891, 561] [1015, 562] [1014, 658] [890, 658]
1 38 3.232583514175499 1069.251322178333 566.6437844780344 1159.2406470532055 633.8111273295341 1.4998925364709235 2.1109863249074676 4.6 28.61154142728201 -3.3228623200313665 -1.6511566104220876 0.024628309103670844 [1057, 565] [1138, 567] [1136, 625] [1055, 623] [1077, 568] [1172, 570] [1170, 638] [1075, 636]
1 40 3.167739336650727 1038.2075737587138 556.8474567415095 1107.433290856523 618.9462153643659 1.7329342938239063 2.1109863249074676 4.507259303405364 34.67030192929749 -2.9913169904097336 -1.7551665617009273 0.059919122280124464 [1029, 560] [1097, 561] [1096, 617] [1029, 616] [1047, 559] [1124, 560] [1124, 624] [1046, 623]
1 41 2.99431412764011 777.2659102831768 555.1850082328244 865.4658111097228 619.7596077779357 1.7329342938239063 2.1109863249074676 4.507259303405364 29.90032838737552 3.9041116851201614 -1.4955387602169794 0.01744218705794837 [786, 554] [864, 555] [863, 619] [785, 618] [760, 552] [850, 553] [849, 627] [758, 626]
2 99 -0.21128998944716346 703.0433058431116 548.6746489047588 730.317957931346 610.9378444878179 1.8 0.8190117377790875 0.6220451915054483 31.727654970402337 6.854811311714735 -1.30227117554144 3.140101542193701 [727, 543] [696, 543] [696, 611] [727, 611] [732, 543] [702, 543] [701, 610] [732, 610]
5 49 2.434374619674761 33.295878726003984 494.33887838584025 48.4149642314928 537.4837032865329 0.9597799777984619 0.5490529046436379 0.19189898232168234 18.38984886929459 20.169648624989957 0.48702795725028586 -0.12430462632050131 [-324, 462] [-295, 462] [-295, 523] [-324, 523] [-339, 462] [-309, 461] [-309, 523] [-339, 523]
5 48 2.348321640249756 271.50141564223026 463.0461274101471 292.1538819216205 495.86659998204567 0.9899360088669367 0.6288062611569458 0.1836229825194231 29.29931824514689 19.839556977331515 1.628148528688465 0.19805693752560494 [160, 440] [187, 441] [187, 480] [159, 480] [156, 440] [184, 440] [183, 480] [155, 479]
5 47 2.4472720947951916 286.14764182927706 511.08973216462294 322.7244946971768 539.8155653897115 0.9026808690531392 1.3426594845260937 0.2698402699334559 29.74130717567677 19.302598864001226 0.295764522864531 0.11863704265829794 [179, 496] [235, 496] [235, 532] [179, 532] [173, 496] [230, 496] [230, 532] [173, 532]
5 46 2.3073296653660584 356.2921990992654 377.02564039214656 414.22337361047175 395.7332066539791 0.6187598505507854 1.890182614437348 0.20876732822102895 30.526552661753037 16.86123171351146 4.31085582187297 0.32962009744404047 [277, 347] [359, 349] [359, 373] [278, 371] [275, 345] [357, 348] [358, 372] [276, 370]
5 43 2.251859624972192 409.1277303417191 346.9845241706128 434.3972723586289 373.3291150268062 0.9222530157846588 1 0.20719611791778703 31.006508191781275 15.789767853863792 5.08385448486851 0.4187204241274384 [347, 314] [390, 317] [390, 352] [347, 349] [347, 313] [389, 315] [389, 351] [347, 348]
4 42 2.3840005567130467 443.69511035888513 340.0719105807544 462.25933265879644 385.2822728638226 1.2436151504516602 0.5953734390082626 0.4377982953156525 31.642870078531367 15.060339972810267 5.046762310550148 0.3133710965529756 [397, 315] [421, 316] [421, 363] [397, 362] [394, 312] [419, 314] [419, 360] [394, 359]
5 50 5.768760900690904 695.7645687862797 507.0694394901517 722.2669632486626 534.8598707468548 1.0178465303900945 0.9921865058772994 0.17 33.62669902871476 7.48902702745998 0.36588575465048806 -2.8463026735784696 [724, 497] [689, 497] [689, 533] [725, 533] [724, 497] [688, 497] [688, 533] [724, 533]
4 51 5.756641858384187 697.7517775947221 463.0647668913192 712.216631541348 499.24185131836987 0.9938309788703918 0.3930247517793141 0.2226678865604949 33.27648008272152 7.586945304841642 1.449674699317367 -2.839214616715061 [708, 458] [693, 458] [693, 494] [708, 494] [707, 459] [693, 459] [693, 494] [707, 494]
5 103 2.9110106992926643 726.7910554420447 514.8486373482045 750.2067592539861 539.2910942666081 0.8811770422048335 0.82 0.16869680293985234 38.267739488848896 7.566245741984895 0.1567094923132375 0.035380960711760515 [723, 511] [748, 509] [750, 536] [725, 538] [722, 510] [748, 509] [749, 536] [724, 538]
5 104 1.5347608593271223 1238.8603650614725 447.5161458381507 1261.437852324649 481.86300817862264 1.4567030606497033 1.9722913179883814 0.1854372941197373 44.254508126706384 -10.658692771791467 2.3431342952876304 1.8431802086273603 [1270, 446] [1244, 449] [1244, 488] [1271, 486] [1275, 446] [1248, 449] [1248, 488] [1275, 486]
5 60 1.462157518165872 1208.4189546493155 447.68152237305196 1233.9614170197267 462.6893797069352 0.7592672435795816 1.9950581472312783 0.17 46.48437276811784 -10.043724980971065 2.839522361793537 1.8922306410855625 [1241, 446] [1215, 449] [1214, 468] [1241, 466] [1245, 446] [1218, 449] [1218, 468] [1245, 466]
5 57 1.2873132519074162 1191.770075496846 423.9825233969123 1203.3522889515798 456.3056142214991 1.58 0.97 0.19989542580692765 47.988799114475974 -9.303563089835894 3.5382987673122677 2.0457733326641057 [1209, 421] [1194, 423] [1193, 462] [1209, 461] [1213, 422] [1198, 423] [1197, 462] [1213, 461]
4 59 1.3036731053734194 1175.8288232713971 422.6117359705887 1187.1705600463995 449.56527842465744 1.0057530403137207 0.5390378335825772 0.2966334139100464 48.86230484578865 -8.87476220134622 3.720991906637142 2.01758893587952 [1189, 426] [1182, 427] [1181, 452] [1189, 451] [1195, 426] [1188, 427] [1187, 452] [1195, 451]
5 105 6.411484162272758 1207.6307098510379 482.895967137504 1228.4446216420574 508.65693511088733 1 0.7497030407133038 0.16901228091774967 36.393603078990864 -7.7570343477835655 0.9600211188157356 -3.0598911715302215 [1238, 482] [1214, 482] [1214, 515] [1239, 515] [1237, 483] [1213, 483] [1213, 515] [1237, 515]
5 106 3.343682248707858 1211.4066695137228 502.80973171098736 1224.7296749782354 525.9096350302716 1.0020183068289408 0.5504664336671088 0.1491842714478749 36.630399536381034 -7.770511546561901 0.44874755850497994 0.006944497401577048 [1215, 500] [1233, 499] [1233, 532] [1215, 532] [1216, 499] [1234, 499] [1234, 532] [1216, 532]
5 107 3.176977875275528 1162.7993581681112 534.2205627549001 1191.1764899238547 585.4186983440244 1.74 1.02 0.17 39.04494943836551 -6.844425604285635 -1.1558059704528276 0.13814768805257122 [1164, 539] [1194, 539] [1194, 592] [1164, 592] [1166, 538] [1196, 539] [1196, 592] [1166, 592]
4 108 6.30149887701093 1176.1783744275197 471.5474307282716 1188.0239437525822 506.1676118894661 1.2035265542140816 0.5027392983127943 0.38980909363153976 38.54756392468062 -6.92448389833743 1.2502076204275818 -2.9821670475100786 [1194, 472] [1179, 472] [1181, 509] [1196, 509] [1190, 474] [1175, 474] [1177, 511] [1192, 511]
2 123 0.27911570123847274 1254.9167038200685 541.716693834251 1282.3912676476575 611.1124509785785 1.8071995317377731 0.7075306883096119 0.6101578281508191 24.580391696713075 -6.363666361546652 -1.1330394535912571 3.115806873799067 [1300, 541] [1265, 541] [1266, 630] [1301, 630] [1293, 542] [1259, 542] [1259, 629] [1294, 629]
5 133 2.7127669369925616 689.5997156771806 531.8681632016588 731.4175946439419 553.0436663129868 0.8450396081765481 1.306962751390864 0.16869680293985234 33.77167477110143 7.525557718095857 -0.2838314324883621 0.20957159163289757 [683, 524] [729, 523] [730, 553] [683, 553] [682, 523] [729, 523] [730, 552] [683, 553]
4 138 6.3112255433721405 1176.2491645623688 475.12526642627057 1187.4781056869338 485.48952262265385 0.3010364124908259 0.29408922108765156 0.25713953337634515 38.694961915250886 -6.950415686563647 1.644266652998513 -2.991907383685079 [1191, 474] [1182, 474] [1183, 483] [1192, 483] [1189, 475] [1180, 475] [1180, 485] [1189, 485]
4 139 5.763361916354652 699.2537188132584 464.5571913469605 710.0488404089791 475.63344021649516 0.3010364124908259 0.29408922108765156 0.18134361537004898 33.26353048642393 7.564069143765112 1.7828856386244851 -2.84536523316182 [707, 459] [696, 459] [696, 469] [707, 470] [706, 459] [695, 459] [695, 470] [706, 470]