1 29 3.205755811258053 911.7863574181454 529.2587653124984 998.8029191623432 605.7137021317516 1.6827452515588448 2.2149407863616943 4.523248195648193 27.889709832098635 0.21863279955006681 -0.7423447448173077 -0.0720021894290373 [924, 522] [1012, 521] [1013, 588] [925, 588] [901, 529] [1004, 528] [1005, 607] [902, 607]
1 36 2.9760513651903104 710.4000612190255 558.2073522005927 844.9790774053198 647.9230720144767 1.4998925364709235 2.1109863249074676 4.6 21.06414800661933 3.360422870168484 -1.0986225341426687 0.007341580985054006 [746, 541] [853, 543] [852, 619] [745, 617] [692, 554] [826, 557] [824, 651] [691, 648]
1 41 3.0613746379839184 865.0017726682662 506.602149813918 937.7371012925647 558.3565601129987 1.7329342938239063 2.1109863249074676 4.507259303405364 39.8473160856529 2.51531001529867 -0.06726672122123017 0.017177956938313397 [869, 502] [929, 503] [928, 552] [869, 551] [859, 507] [926, 508] [925, 563] [859, 562]
1 83 4.9386864482939465 -1 -1 -1 -1 1.82317709583302 2.203405599960818 5.111474671655797 2.565830285510273 9.815899357426481 -0.9797499453434052 -3.1122155261829096 [-54997, 759] [-86485, 289] [-87815, 15145] [-55805, 12670] [-1005, 548] [-1518, 533] [-1531, 946] [-1018, 958]
1 84 -0.9400668552962075 0 555.0287242463069 74.58872580182037 673.7331824081182 1.6767211490955793 2.2005753338240392 4.6 10.2649441105356 14.072985534554123 -0.9705319947677107 3.141054443121758 [-922, 540] [-1235, 532] [-1242, 776] [-929, 785] [-240, 541] [-442, 535] [-446, 691] [-244, 697]
1 85 -0.5393437933450389 252.12927226781883 545.2368996414604 441.097582044942 664.1505835833373 1.7327142796684367 2.2005753338240392 4.503224263118411 16.37858976325514 10.010416311653684 -1.0064229664073108 3.132330229084946 [225, 541] [44, 536] [42, 680] [222, 686] [407, 536] [269, 532] [267, 642] [405, 646]
1 86 -0.3969992350851513 392.0584774654987 531.4718299352973 511.8114400055415 602.4910759198261 1.697996486447091 2.2005753338240392 4.503224263118411 27.508792905454868 13.330499894621653 -0.7596389715684877 3.0873476942081033 [390, 527] [290, 527] [293, 606] [392, 606] [487, 519] [402, 519] [404, 587] [488, 587]
1 87 -0.18292307166703609 654.0882994263413 522.5519681275907 722.5746452902126 572.8800444460425 1.5 2.2005753338240392 4.503224263118411 36.77670680669255 8.865643936047633 -0.40086543975478073 3.087962266644798 [699, 519] [625, 519] [625, 571] [699, 571] [738, 514] [672, 514] [672, 560] [738, 560]
1 93 -0.21927415428219715 624.1172884513404 519.1033133031136 687.8775023763214 560.7837327479427 1.5 2.097181670653796 4.503224263118411 41.28113457951499 11.648927497873613 -0.09969601746246597 3.085832870115425 [643, 511] [581, 513] [584, 559] [646, 556] [684, 505] [627, 507] [630, 548] [686, 546]
1 94 2.215978810531233 -1 -1 -1 -1 1.65 2.0980995195028735 4.6 12.275606180464065 -21.3912208904742 -1.36083145158141 1.9754316400248129 [3269, 596] [2821, 592] [2828, 755] [3280, 790] [3353, 591] [2950, 588] [2957, 730] [3363, 756]
1 37 3.1968522123856435 975.5120183435718 509.4794582720353 1036.288257347144 554.648089154945 1.6831032635108842 2.1620488218201532 4.501494793433892 40.174375672996206 -1.319809428872652 0.08589727329415162 -0.022419348830374674 [979, 499] [1040, 499] [1040, 546] [979, 546] [977, 505] [1045, 505] [1045, 558] [977, 558]
3 97 2.1887094903453352 1586.005778225113 580.8178601509595 1736.4727030599934 768.4837053956628 1.7186894619596222 0.792771772943536 1.8890269704049045 8.46990485536272 -6.113379613633599 -1.221599733905351 1.5780753158819865 [1732, 584] [1663, 585] [1670, 818] [1740, 841] [2012, 583] [1918, 584] [1928, 818] [2023, 840]
1 101 -0.35463467680990735 240.74920721971773 534.8584216100243 345.1988284415957 592.5450356703614 1.697996486447091 2.2005753338240392 4.503224263118411 35.78023468714319 24.064724915736715 -0.8635052006042437 2.9041486913715078 [136, 528] [75, 531] [79, 590] [141, 588] [265, 522] [209, 524] [213, 577] [269, 575]
2 102 5.625627179227481 319.9910010840295 610.4272162515811 373.3196414262807 704.1160604469875 1.0638923489141408 0.5974814018114898 0.8600136032749708 11.948601708016895 7.267621710491569 -1.3459885182124367 -3.030491087323875 [262, 610] [197, 610] [199, 719] [264, 718] [301, 603] [241, 603] [243, 705] [303, 704]
5 114 5.291792406813748 358.98977677597316 437.8184014351209 420.0325645386804 501.59858059550356 0.9360538258972415 0.9328370931714999 0.15417863121103798 12.936471205112406 7.076732427939291 0.7714879353838756 -2.650765501975323 [371, 414] [274, 410] [274, 496] [371, 497] [371, 417] [275, 414] [275, 499] [371, 500]
5 115 5.90791027850565 614.4284159000225 429.32669905165136 644.1378967719368 467.9253943657426 1.0374072135219257 0.8230375899114254 0.15417863121103798 23.388528841861294 6.955559757886153 1.7534954651162333 -3.055379981437107 [636, 410] [594, 414] [598, 466] [641, 462] [638, 411] [595, 415] [600, 467] [642, 463]
4 116 5.747892062050865 347.27255285921393 342.1933246164436 379.10813233842237 422.4842852526932 1.145844817811646 0.4874904661278866 0.36250007977828236 13.111707652011605 7.542351072839484 1.9411632873190556 -3.128312452195576 [305, 297] [260, 296] [258, 400] [302, 401] [322, 303] [279, 302] [277, 404] [320, 405]
4 117 1.8371341459632433 1626.4943400546845 328.66340811243947 1664.9314520137482 439.1787625927893 1.4728641500160233 0.45 0.38980909363153976 12.794692858625055 -8.636050237666263 1.8264697193136006 1.898188444881916 [1780, 286] [1740, 300] [1757, 433] [1798, 423] [1807, 289] [1767, 302] [1784, 434] [1825, 425]
4 118 6.411227697188503 1264.6005074829316 362.02406329729155 1296.6879749989992 439.24870856683253 1.0680303458274665 0.38713832756197947 0.29006022149575594 16.282692603335725 -4.402105322170151 1.8250480284040795 -3.00559247633785 [1311, 356] [1284, 356] [1286, 435] [1313, 434] [1302, 359] [1275, 359] [1277, 437] [1304, 437]
4 119 6.778014977475413 1680.143396721318 360.0626825953367 1713.773950363341 438.6149369626029 1.0680303458274665 0.38713832756197947 0.29006022149575594 13.070543669270055 -9.546548648995316 1.6841529129122268 -3.00559247633785 [1875, 326] [1843, 326] [1846, 426] [1879, 425] [1852, 332] [1820, 332] [1824, 429] [1855, 428]
5 126 0.7513277065318476 1685.8269045992809 438.0439291741719 1732.5353246571278 512.2229027263858 1.2171155664154385 0.919968608329794 0.19450105559438247 12.769662749316245 -9.655043865346233 0.7136792111551673 3.0376537487559787 [1930, 407] [1835, 408] [1841, 522] [1936, 522] [1917, 411] [1824, 411] [1830, 524] [1923, 524]
4 140 -0.4242762019272789 348.8874862187738 394.3886742881122 375.95136355561976 421.229653242289 0.3010364124908259 0.29408922108765156 0.20694927801204602 13.054379475522314 7.528454302463467 1.5225579184729634 3.042758283647845 [295, 373] [270, 374] [270, 401] [295, 401] [307, 376] [282, 376] [283, 403] [307, 403]
4 136 6.402340690542378 1267.3988632081762 367.8632571286456 1288.4577456647412 387.1129491636529 0.3010364124908259 0.29408922108765156 0.25713953337634515 16.245364180561754 -4.390415587933248 2.1367695142013603 -2.9967971277062064 [1308, 361] [1288, 361] [1288, 383] [1309, 383] [1300, 364] [1280, 363] [1280, 385] [1301, 386]
4 142 1.780841238894473 1628.0717895188643 328.3659404694277 1656.2021167303665 357.75667324565876 0.3010364124908259 0.29408922108765156 0.20694927801204602 12.894417269840009 -8.630652122536276 2.3899876284389636 1.95059730235146 [1781, 291] [1754, 300] [1757, 327] [1785, 319] [1794, 292] [1767, 301] [1771, 328] [1798, 320]
1 144 0.8073119406357359 -1 -1 -1 -1 1.911453738310358 2.3093566759946658 4.503224263118411 25.922756360447092 41.87464748038913 -0.9951557009777128 1.3177980205955087 [-1059, 517] [-875, 523] [-882, 604] [-1068, 605] [-946, 522] [-763, 528] [-771, 613] [-955, 614]