1 29 3.06750838886224 750.0041642417991 574.865306447073 1121.5482871256013 877.9011961624319 1.615405797958374 2.2149407863616943 4.523248195648193 7.603467254135504 0.2335935059915038 -1.046721002392805 0.04337195307016373 [795, 557] [1062, 558] [1061, 752] [795, 752] [690, 581] [1182, 583] [1180, 938] [689, 941]
1 31 3.561135107585489 1295.6212384039868 600.8171206499906 1763.8342825283107 874.4912098501031 1.5186728079416651 2.104976970218756 4.569127957061207 7.193219901862389 -3.5896225612576296 -1.2028868360817024 0.04332774467752603 [1279, 589] [1540, 595] [1537, 786] [1275, 781] [1616, 626] [2116, 636] [2111, 1005] [1610, 1000]
1 32 2.596683078442149 106.04916066265497 565.4276141128474 597.0228477615478 911.331214744116 1.712150123982994 2.1236619208025185 4.498645152128859 6.387442230005807 3.500068664585668 -1.0030709442164722 0.04363323129985844 [330, 554] [624, 556] [621, 790] [327, 790] [-301, 548] [311, 551] [305, 1034] [-313, 1038]
1 33 3.3505322615988127 1137.216822039955 567.7050228130425 1368.4398254873213 713.0916209054018 1.6760526650477003 2.125413731950142 4.6 13.77853696321698 -3.2122931366061933 -1.2445164826388184 0.02010655929424987 [1127, 562] [1284, 564] [1283, 689] [1125, 687] [1198, 567] [1419, 570] [1417, 744] [1197, 742]
1 34 2.871567436766809 528.237150331653 557.8161721336978 771.870389042594 728.9326145551347 1.8499767886696075 2.1620488218201532 4.6 12.883940679243233 3.4453266594961 -1.0958815851354327 0.008726646259971648 [615, 546] [784, 546] [783, 691] [614, 690] [467, 539] [708, 540] [706, 748] [464, 746]
1 35 3.2467048344680465 1085.169929984613 570.5353078813455 1214.1092265524983 658.9560327971515 1.4998925364709235 2.1109863249074676 4.6 21.476225060888083 -3.2136224629846324 -1.5034671960093402 0.043422033042867535 [1074, 569] [1179, 570] [1179, 645] [1073, 645] [1111, 574] [1241, 575] [1241, 668] [1110, 668]
1 36 2.958240525820515 716.0493470218169 573.1604389047417 841.8514456319301 658.0685233775362 1.4998925364709235 2.1109863249074676 4.6 21.84659770939692 3.657870715527165 -1.4870329178607893 0.01745661597526588 [737, 567] [841, 568] [840, 642] [736, 641] [687, 569] [815, 570] [814, 661] [686, 660]
1 37 3.1204538131912285 904.3647158866962 560.9950467716903 1013.6855601821336 642.3651332886254 1.6831032635108842 2.1620488218201532 4.501494793433892 23.0496393267957 0.2861112913126251 -1.4663982671378768 0.008726646259971648 [905, 561] [1007, 561] [1007, 641] [905, 640] [893, 561] [1017, 562] [1017, 658] [893, 657]
1 38 3.21159078649727 1069.251322178333 566.6437844780344 1159.2406470532055 633.8111273295341 1.4998925364709235 2.1109863249074676 4.6 28.74043641137551 -3.230826618553509 -1.7174053868118595 0.04194587604677724 [1050, 571] [1131, 569] [1132, 626] [1051, 628] [1072, 571] [1167, 569] [1168, 637] [1074, 639]
1 40 3.198214997389848 1038.2075737587138 556.8474567415095 1107.433290856523 618.9462153643659 1.7329342938239063 2.1109863249074676 4.507259303405364 34.64669206038706 -3.094131921956217 -1.7599362116181698 0.0324466322027821 [1034, 560] [1102, 561] [1102, 617] [1034, 616] [1049, 560] [1126, 561] [1126, 624] [1048, 624]
1 41 3.0054431898604013 777.2659102831768 555.1850082328244 865.4658111097228 619.7596077779357 1.7329342938239063 2.1109863249074676 4.507259303405364 29.88493807202352 3.5612628451195185 -1.5221184349850772 0.01754296710258055 [799, 555] [877, 556] [876, 620] [798, 619] [774, 553] [865, 554] [864, 629] [773, 628]
1 69 4.185921518237152 726.8397450142737 557.5712067677906 841.6989981473018 593.9417012509003 1.4998925364709235 2.1109863249074676 4.6 50.0210499604518 8.278244337002953 -1.926668436482544 -1.208337533612526 [822, 557] [834, 556] [834, 592] [822, 591] [715, 556] [723, 556] [723, 593] [715, 591]
1 70 3.846930222013655 262.1227942924201 553.9063190270849 366.79780782889804 595.90631410232 1.65 2.1109863249074676 4.6 40.51451175211578 25.654007615026117 -1.6353187717960527 -1.2698156482421654 [305, 550] [291, 550] [290, 598] [305, 596] [157, 549] [135, 549] [134, 599] [157, 597]
2 99 -0.20856792180481526 702.6538375335638 550.621990452498 729.9284896217981 612.8851860355571 1.8 0.8190117377790875 0.6220451915054483 31.682494199086655 6.754839569418675 -1.3012472627279803 3.140101542193701 [731, 543] [700, 543] [699, 611] [730, 611] [735, 543] [705, 543] [705, 610] [735, 610]
5 49 2.434374619674761 33.295878726003984 494.33887838584025 48.4149642314928 537.4837032865329 0.9597799777984619 0.5490529046436379 0.19189898232168234 18.38984886929459 20.169648624989957 0.49416592816247173 -0.12430462632050131 [-324, 462] [-295, 462] [-295, 523] [-324, 523] [-339, 461] [-309, 461] [-309, 523] [-339, 523]
5 48 2.3483251522039312 271.50141564223026 463.0461274101471 292.1538819216205 495.86659998204567 0.9899360088669367 0.6288062611569458 0.1836229825194231 29.299633115547316 19.839620107874936 1.6355037656607858 0.19805693752560494 [160, 440] [187, 441] [187, 480] [159, 480] [156, 439] [184, 440] [183, 480] [155, 479]
5 47 2.4472720947951916 286.14764182927706 511.08973216462294 322.7244946971768 539.8155653897115 0.9026808690531392 1.3426594845260937 0.2698402699334559 29.74130717567677 19.302598864001226 0.2957645182079292 0.11863704265829794 [179, 496] [235, 496] [235, 532] [179, 532] [173, 496] [230, 496] [230, 532] [173, 532]
5 46 2.3073296653660584 356.2921990992654 377.02564039214656 414.22337361047175 395.7332066539791 0.6187598505507854 1.890182614437348 0.20876732822102895 30.526552661753037 16.86123171351146 4.310855817216375 0.32962009744404047 [277, 347] [359, 349] [359, 373] [278, 371] [275, 345] [357, 348] [358, 372] [276, 370]
5 43 2.251859624972192 409.1277303417191 346.9845241706128 434.3972723586289 373.3291150268062 0.9222530157846588 1 0.20719611791778703 31.006508191781275 15.789767853863792 5.0838544802118975 0.4187204241274384 [347, 314] [390, 317] [390, 352] [347, 349] [347, 313] [389, 315] [389, 351] [347, 348]
4 42 2.3840005567130467 443.69511035888513 340.0719105807544 462.25933265879644 385.2822728638226 1.2436151504516602 0.5953734390082626 0.4377982953156525 31.642870078531367 15.060339972810267 5.046762305893535 0.3133710965529756 [397, 315] [421, 316] [421, 363] [397, 362] [394, 312] [419, 314] [419, 360] [394, 359]
5 50 5.769032289265756 695.7645687862797 507.0694394901517 722.2669632486626 534.8598707468548 1.0178465303900945 0.9921865058772994 0.17 33.62942574281942 7.480055550653448 0.3659503089959468 -2.8463026735784696 [725, 497] [689, 497] [689, 533] [725, 533] [724, 497] [689, 497] [689, 533] [724, 533]
4 51 5.7569963248535965 697.7517775947221 463.0647668913192 712.216631541348 499.24185131836987 0.9938309788703918 0.3930247517793141 0.2226678865604949 33.28004203538753 7.5753485408918735 1.4436092509064649 -2.839214616715061 [708, 459] [694, 458] [694, 494] [708, 494] [708, 459] [693, 459] [693, 494] [707, 494]
5 103 2.9110106992926643 726.7910554420447 514.8486373482045 750.2067592539861 539.2910942666081 0.8811770422048335 0.82 0.16869680293985234 38.267739488848896 7.566245741984895 0.15670948765662907 0.035380960711760515 [723, 511] [748, 509] [750, 536] [725, 538] [722, 510] [748, 509] [749, 536] [724, 538]
5 104 1.535046961220268 1238.8603650614725 447.5161458381507 1261.437852324649 481.86300817862264 1.4567030606497033 1.9722913179883814 0.1854372941197373 44.22409862585385 -10.664756128808849 2.477378294450188 1.8431802086273603 [1271, 442] [1244, 446] [1244, 484] [1271, 482] [1275, 442] [1248, 446] [1249, 484] [1276, 482]
5 60 1.462586128769361 1208.4189546493155 447.68152237305196 1233.9614170197267 462.6893797069352 0.7592672435795816 1.9950581472312783 0.17 46.44641851460933 -10.05636306392674 2.829521586853512 1.8922306410855625 [1242, 446] [1215, 449] [1215, 468] [1242, 466] [1246, 446] [1219, 449] [1219, 468] [1246, 466]
5 57 1.2873132519074162 1191.770075496846 423.9825233969123 1203.3522889515798 456.3056142214991 1.58 0.97 0.19989542580692765 47.988799114475974 -9.303563089835894 3.55006517835547 2.0457733326641057 [1209, 421] [1194, 423] [1193, 462] [1209, 461] [1213, 421] [1198, 423] [1197, 462] [1213, 461]
4 59 1.303860377976914 1175.8288232713971 422.6117359705887 1187.1705600463995 449.56527842465744 1.0057530403137207 0.5390378335825772 0.2966334139100464 48.82097920922215 -8.876701072680943 3.763345252726031 2.01758893587952 [1190, 425] [1182, 426] [1182, 451] [1190, 450] [1196, 425] [1188, 426] [1188, 451] [1196, 450]
5 105 6.411484162272758 1207.6307098510379 482.895967137504 1228.4446216420574 508.65693511088733 1 0.7497030407133038 0.16901228091774967 36.393603078990864 -7.7570343477835655 0.9600211141591183 -3.0598911715302215 [1238, 482] [1214, 482] [1214, 515] [1239, 515] [1237, 483] [1213, 483] [1213, 515] [1237, 515]
5 106 3.343379938212909 1211.4066695137228 502.80973171098736 1224.7296749782354 525.9096350302716 1.0020183068289408 0.5504664336671088 0.1491842714478749 36.6224687772549 -7.75726034186791 0.4192079494863541 0.006944497401577048 [1214, 500] [1232, 500] [1233, 533] [1215, 533] [1215, 500] [1233, 500] [1234, 533] [1216, 533]
5 107 3.176977875275528 1162.7993581681112 534.2205627549001 1191.1764899238547 585.4186983440244 1.74 1.02 0.17 39.04494943836551 -6.844425604285635 -1.155805975109445 0.13814768805257122 [1164, 539] [1194, 539] [1194, 592] [1164, 592] [1166, 538] [1196, 539] [1196, 592] [1166, 592]
4 108 6.3014834644253535 1176.1783744275197 471.5474307282716 1188.0239437525822 506.1676118894661 1.2035265542140816 0.5027392983127943 0.38980909363153976 38.54881075330881 -6.924094565000384 1.2591877503381814 -2.9821670475100786 [1194, 472] [1179, 472] [1181, 509] [1196, 508] [1190, 474] [1175, 474] [1177, 511] [1192, 510]
2 123 0.2791100277772134 1258.234282929474 542.4914105186157 1286.2287162696289 619.1379051239351 1.8071995317377731 0.7075306883096119 0.6101578281508191 24.580868188624102 -6.363640915876658 -1.1221192361941603 3.115806873799067 [1300, 541] [1265, 541] [1266, 630] [1301, 630] [1293, 542] [1259, 542] [1259, 628] [1294, 628]
5 133 2.7127669369925616 690.208259757781 528.6225947717897 730.8090505633414 549.7980978831177 0.8450396081765481 1.306962751390864 0.16869680293985234 33.77167477110143 7.525557718095857 -0.28383143714497056 0.20957159163289757 [683, 524] [729, 523] [730, 553] [683, 553] [682, 523] [729, 523] [730, 552] [683, 553]
4 138 6.311089604454595 1176.0744359477499 475.13629922748765 1187.3299945808267 485.52548218522355 0.3010364124908259 0.29408922108765156 0.25713953337634515 38.602173743538586 -6.928332301411438 1.6394847932536862 -2.991907383685079 [1191, 474] [1182, 474] [1183, 483] [1191, 483] [1188, 475] [1180, 475] [1180, 485] [1189, 485]
4 139 5.763361916354652 698.8480227574508 463.94864742916167 709.6431443529644 475.02489629791984 0.3010364124908259 0.29408922108765156 0.18134361537004898 33.26353048642393 7.564069143765112 1.7828856339678767 -2.84536523316182 [707, 459] [696, 459] [696, 469] [707, 470] [706, 459] [695, 459] [695, 470] [706, 470]