1 29 3.0674633009228014 750.4740441576544 573.388457768727 1120.21112293014 877.810440568755 1.615405797958374 2.2149407863616943 4.523248195648193 7.630632144074724 0.23477243965687394 -1.0644212540650548 0.04337195307016373 [796, 559] [1062, 560] [1061, 753] [795, 754] [691, 585] [1180, 586] [1178, 940] [690, 943]
1 31 3.561135107585489 1297.803058154902 600.817121019948 1766.0161022732168 870.1275708879899 1.5186728079416651 2.104976970218756 4.569127957061207 7.193219901862389 -3.5896225612576296 -1.2028868391085008 0.04332774467752603 [1279, 589] [1540, 595] [1537, 786] [1275, 781] [1616, 626] [2116, 636] [2111, 1005] [1610, 1000]
1 32 2.595360741297486 106.04916066265497 565.4276141128474 597.0228477615478 911.331214744116 1.712150123982994 2.1236619208025185 4.498645152128859 6.340018648622085 3.4849912307769317 -1.0189564874224908 0.0436332312998583 [329, 557] [624, 558] [622, 793] [325, 794] [-312, 553] [308, 556] [301, 1044] [-323, 1049]
1 33 3.3430264798876874 1137.216822039955 567.7050228130425 1368.4398254873213 713.0916209054018 1.6760526650477003 2.125413731950142 4.6 13.773749422860266 -3.2289119156014823 -1.2445595811496917 0.028833205554221294 [1126, 562] [1283, 564] [1282, 689] [1125, 687] [1203, 567] [1422, 570] [1421, 744] [1201, 742]
1 34 2.871567436766809 528.237150331653 557.8161721336978 771.870389042594 728.9326145551347 1.8499767886696075 2.1620488218201532 4.6 12.883940679243233 3.4453266594961 -1.095881588162231 0.008726646259971648 [615, 546] [784, 546] [783, 691] [614, 690] [467, 539] [708, 540] [706, 748] [464, 746]
1 35 3.255165960363317 1085.169929984613 570.5353078813455 1214.1092265524983 658.9560327971515 1.4998925364709235 2.1109863249074676 4.6 21.45108074738003 -3.207066204951555 -1.5081676699798314 0.03483351853220164 [1075, 570] [1180, 570] [1180, 645] [1074, 645] [1109, 574] [1240, 575] [1240, 668] [1109, 668]
1 36 2.957932873744288 716.0493470218169 573.1604389047417 841.8514456319301 658.0685233775362 1.4998925364709235 2.1109863249074676 4.6 21.800620477137073 3.6570679353996214 -1.4858289035327272 0.01745661597526588 [736, 567] [840, 568] [840, 642] [736, 641] [686, 569] [814, 570] [814, 661] [685, 660]
1 37 3.118752081795468 904.3647158866962 560.9950467716903 1013.6855601821336 642.3651332886254 1.6831032635108842 2.1620488218201532 4.501494793433892 22.991445512419276 0.324521098689619 -1.4648744115055985 0.008726646259971648 [903, 561] [1005, 561] [1005, 641] [903, 640] [891, 561] [1015, 562] [1014, 658] [890, 658]
1 38 3.164203897662094 1069.251322178333 566.6437844780344 1159.2406470532055 633.8111273295341 1.4998925364709235 2.1109863249074676 4.6 28.66948946801516 -3.2126964476782045 -1.722228712282915 0.08898297093173826 [1046, 570] [1126, 569] [1127, 627] [1046, 628] [1077, 571] [1171, 570] [1172, 638] [1078, 639]
1 40 3.167936283531961 1038.2075737587138 556.8474567415095 1107.433290856523 618.9462153643659 1.7329342938239063 2.1109863249074676 4.507259303405364 34.64628693500758 -2.988465181958698 -1.7796548645493975 0.059699833625318825 [1029, 560] [1097, 562] [1096, 618] [1028, 616] [1048, 560] [1125, 562] [1123, 626] [1046, 624]
1 41 2.9980464791735066 777.2659102831768 555.1850082328244 865.4658111097228 619.7596077779357 1.7329342938239063 2.1109863249074676 4.507259303405364 29.848415143938343 3.7867829729649936 -1.5765619817413268 0.01735319250753609 [790, 557] [868, 558] [867, 622] [789, 621] [764, 556] [855, 557] [854, 632] [763, 630]
1 69 3.8938804124057955 371.43450526496963 558.8623739725795 478.5365593857876 596.9819891285915 1.4998925364709235 2.1109863249074676 4.6 44.976595593123164 22.062750332045606 -1.766673415597723 -1.208337533612526 [458, 554] [455, 554] [454, 593] [457, 592] [327, 553] [318, 553] [318, 594] [327, 592]
2 99 -0.20740236112963426 706.9379889385901 547.1167756665674 734.2126410268245 609.3799712496265 1.8 0.8190117377790875 0.6220451915054483 31.65241933399067 6.709867232340459 -1.3006165711478004 3.140101542193701 [732, 543] [701, 543] [701, 611] [732, 611] [737, 543] [706, 543] [706, 610] [736, 610]
5 49 2.434374619674761 33.295878726003984 494.33887838584025 48.4149642314928 537.4837032865329 0.9597799777984619 0.5490529046436379 0.19189898232168234 18.38984886929459 20.169648624989957 0.5155798518420434 -0.12430462632050131 [-324, 460] [-295, 460] [-295, 521] [-324, 521] [-339, 460] [-309, 460] [-309, 521] [-339, 521]
5 48 2.3483251522039312 271.50141564223026 463.0461274101471 292.1538819216205 495.86659998204567 0.9899360088669367 0.6288062611569458 0.1836229825194231 29.299633115547316 19.839620107874936 1.6355037626339932 0.19805693752560494 [160, 440] [187, 441] [187, 480] [159, 480] [156, 439] [184, 440] [183, 480] [155, 479]
5 47 2.4472720947951916 286.14764182927706 511.08973216462294 322.7244946971768 539.8155653897115 0.9026808690531392 1.3426594845260937 0.2698402699334559 29.74130717567677 19.302598864001226 0.29576451518113805 0.11863704265829794 [179, 496] [235, 496] [235, 532] [179, 532] [173, 496] [230, 496] [230, 532] [173, 532]
5 46 2.3073296653660584 356.2921990992654 377.02564039214656 414.22337361047175 395.7332066539791 0.6187598505507854 1.890182614437348 0.20876732822102895 30.526552661753037 16.86123171351146 4.310855814189588 0.32962009744404047 [277, 347] [359, 349] [359, 373] [278, 371] [275, 345] [357, 348] [358, 372] [276, 370]
5 43 2.251859624972192 409.1277303417191 346.9845241706128 434.3972723586289 373.3291150268062 0.9222530157846588 1 0.20719611791778703 31.006508191781275 15.789767853863792 5.083854477185099 0.4187204241274384 [347, 314] [390, 317] [390, 352] [347, 349] [347, 313] [389, 315] [389, 351] [347, 348]
4 42 2.3840005567130467 443.69511035888513 340.0719105807544 462.25933265879644 385.2822728638226 1.2436151504516602 0.5953734390082626 0.4377982953156525 31.642870078531367 15.060339972810267 5.046762302866736 0.3133710965529756 [397, 315] [421, 316] [421, 363] [397, 362] [394, 312] [419, 314] [419, 360] [394, 359]
5 50 5.769032289265756 695.7645687862797 507.0694394901517 722.2669632486626 534.8598707468548 1.0178465303900945 0.9921865058772994 0.17 33.62942574281942 7.480055550653448 0.36595030596915135 -2.8463026735784696 [725, 497] [689, 497] [689, 533] [725, 533] [724, 497] [689, 497] [689, 533] [724, 533]
4 51 5.7569963248535965 697.7517775947221 463.0647668913192 712.216631541348 499.24185131836987 0.9938309788703918 0.3930247517793141 0.2226678865604949 33.28004203538753 7.5753485408918735 1.4436092478796694 -2.839214616715061 [708, 459] [694, 458] [694, 494] [708, 494] [708, 459] [693, 459] [693, 494] [707, 494]
5 103 2.9110106992926643 726.7910554420447 514.8486373482045 750.2067592539861 539.2910942666081 0.8811770422048335 0.82 0.16869680293985234 38.267739488848896 7.566245741984895 0.15670948462983358 0.035380960711760515 [723, 511] [748, 509] [750, 536] [725, 538] [722, 510] [748, 509] [749, 536] [724, 538]
5 104 1.535046961220268 1238.8603650614725 447.5161458381507 1261.437852324649 481.86300817862264 1.4567030606497033 1.9722913179883814 0.1854372941197373 44.22409862585385 -10.664756128808849 2.477378291423384 1.8431802086273603 [1271, 442] [1244, 446] [1244, 484] [1271, 482] [1275, 442] [1248, 446] [1249, 484] [1276, 482]
5 60 1.4055848994286664 1208.4189546493155 447.68152237305196 1233.9614170197267 462.6893797069352 0.7592672435795816 1.9950581472312783 0.17 46.43675153059415 -10.032017255721204 2.829521583826708 1.9487740780303802 [1243, 446] [1213, 449] [1213, 468] [1243, 466] [1246, 446] [1217, 449] [1217, 468] [1246, 466]
5 57 1.2873132519074162 1191.770075496846 423.9825233969123 1203.3522889515798 456.3056142214991 1.58 0.97 0.19989542580692765 47.988799114475974 -9.303563089835894 3.550065175328666 2.0457733326641057 [1209, 421] [1194, 423] [1193, 462] [1209, 461] [1213, 421] [1198, 423] [1197, 462] [1213, 461]
4 59 1.303860377976914 1175.8288232713971 422.6117359705887 1187.1705600463995 449.56527842465744 1.0057530403137207 0.5390378335825772 0.2966334139100464 48.82097920922215 -8.876701072680943 3.763345249699227 2.01758893587952 [1190, 425] [1182, 426] [1182, 451] [1190, 450] [1196, 425] [1188, 426] [1188, 451] [1196, 450]
5 105 6.411484162272758 1207.6307098510379 482.895967137504 1228.4446216420574 508.65693511088733 1 0.7497030407133038 0.16901228091774967 36.393603078990864 -7.7570343477835655 0.960021111132317 -3.0598911715302215 [1238, 482] [1214, 482] [1214, 515] [1239, 515] [1237, 483] [1213, 483] [1213, 515] [1237, 515]
5 106 3.343399884855417 1211.4066695137228 502.80973171098736 1224.7296749782354 525.9096350302716 1.0020183068289408 0.5504664336671088 0.1491842714478749 36.636566393526365 -7.761010023269809 0.43383209490660085 0.006944497401577048 [1214, 500] [1232, 500] [1233, 532] [1215, 533] [1215, 500] [1233, 500] [1234, 532] [1216, 532]
5 107 3.176977875275528 1162.7993581681112 534.2205627549001 1191.1764899238547 585.4186983440244 1.74 1.02 0.17 39.04494943836551 -6.844425604285635 -1.1558059781362462 0.13814768805257122 [1164, 539] [1194, 539] [1194, 592] [1164, 592] [1166, 538] [1196, 539] [1196, 592] [1166, 592]
4 108 6.301877084197658 1176.1783744275197 471.5474307282716 1188.0239437525822 506.1676118894661 1.2035265542140816 0.5027392983127943 0.38980909363153976 38.61147103531917 -6.951039223716682 1.2516559916276493 -2.9821670475100786 [1194, 472] [1179, 472] [1182, 509] [1197, 509] [1190, 474] [1176, 474] [1178, 511] [1193, 511]
2 123 0.2791043545192408 1256.1745436936865 542.2338979823286 1284.568808850855 620.9938695989655 1.8071995317377731 0.7075306883096119 0.6101578281508191 24.58134468053513 -6.363615470206664 -1.1111990171672474 3.115806873799067 [1300, 540] [1265, 540] [1266, 629] [1301, 629] [1293, 541] [1259, 541] [1259, 628] [1294, 628]
5 133 2.7127669369925616 690.208259757781 528.6225947717897 730.8090505633414 549.7980978831177 0.8450396081765481 1.306962751390864 0.16869680293985234 33.77167477110143 7.525557718095857 -0.28383144017176604 0.20957159163289757 [683, 524] [729, 523] [730, 553] [683, 553] [682, 523] [729, 523] [730, 552] [683, 553]
4 138 6.311777225016391 1176.8877033099423 474.90330833668554 1188.1362792699006 485.2849493156189 0.3010364124908259 0.29408922108765156 0.25713953337634515 38.63264897577445 -6.961225730816502 1.6489075274318148 -2.991907383685079 [1192, 474] [1183, 474] [1183, 483] [1192, 483] [1189, 475] [1181, 475] [1181, 484] [1190, 484]
4 139 5.763361916354652 698.8987347227011 464.1210684353822 709.6938563180797 475.1973173036356 0.3010364124908259 0.29408922108765156 0.18134361537004898 33.26353048642393 7.564069143765112 1.7828856309410812 -2.84536523316182 [707, 459] [696, 459] [696, 469] [707, 470] [706, 459] [695, 459] [695, 470] [706, 470]
1 145 4.378430348119138 945.2576860211194 553.3865912763516 1064.4555232330058 590.0546148396081 1.4998925364709235 2.1109863249074676 4.6 50.463961189999885 -1.4386205464203965 -1.7892411991531973 -1.208337533612526 [1044, 554] [1065, 554] [1065, 590] [1044, 588] [945, 554] [963, 553] [963, 590] [945, 589]
1 147 4.212261379482282 750.2189643240202 552.3640327255631 865.6734215159119 588.6122488734402 1.4998925364709235 2.1109863249074676 4.6 50.37137321742883 6.978711175723817 -1.7906790521719427 -1.208337533612526 [852, 553] [865, 553] [865, 589] [852, 588] [748, 553] [757, 553] [757, 589] [747, 588]