1 29 3.0996810894647995 892.4716490565029 558.4503662109423 983.7105089761529 633.5554682917219 1.6827452515588448 2.2149407863616943 4.523248195648193 27.939975331849954 0.7436018760599167 -1.4886372395771919 0.015303581380377549 [896, 551] [984, 551] [983, 618] [896, 617] [886, 563] [989, 564] [988, 641] [886, 640]
1 36 2.9087011098905697 670.854049434314 591.1623620211857 820.4126155390596 689.8658117861405 1.4998925364709235 2.1109863249074676 4.6 18.644451757402337 3.5317761812157396 -1.5981571395025278 0.04568198555526568 [705, 575] [825, 579] [823, 663] [703, 660] [645, 587] [799, 591] [796, 700] [642, 696]
1 41 3.002249062540603 820.8005692656083 538.3588022690808 895.932625876859 596.105032535542 1.7329342938239063 2.1109863249074676 4.507259303405364 37.07454484714542 3.570394871314504 -1.1076714281901814 0.043336525512138735 [828, 532] [892, 533] [892, 585] [828, 584] [816, 540] [889, 541] [888, 600] [816, 599]
1 78 2.1392337030892588 -1 -1 -1 -1 2.9225710424185993 2.7147244252261977 6.813765232114587 12.76833106316813 -18.608237679970987 -0.8909627382175356 1.9717746686582487 [2865, 457] [2386, 482] [2397, 760] [2884, 806] [3071, 484] [2639, 500] [2650, 731] [3088, 762]
1 82 5.0749382355720005 -1 -1 -1 -1 1.4998925364709235 2.1109863249074676 4.6 5.6392964304988284 13.313482640374314 -1.211746789599293 -3.103476446644937 [-3075, 654] [-3848, 635] [-3900, 1145] [-3121, 1157] [-827, 601] [-1148, 593] [-1161, 813] [-839, 821]
1 83 5.7014014380863465 234.38106557227655 565.8423471189652 451.3659457913913 687.4599494852635 1.82317709583302 2.2 5.111474671655797 16.587057628957893 10.224619679059447 -1.3623413178673074 -3.1122155261829096 [213, 564] [26, 559] [22, 712] [209, 717] [404, 558] [268, 554] [264, 666] [401, 670]
1 84 -0.5199567871445848 257.68416797289257 560.8936279772922 417.9383524518336 647.6672400454797 1.6767211490955793 2.2005753338240392 4.6 23.16802093218907 14.377193103810564 -1.4061844706922109 3.1061478729378114 [214, 560] [94, 557] [93, 651] [213, 655] [358, 553] [258, 551] [257, 628] [356, 631]
1 85 -0.279074866039524 537.7853817092196 546.1158720324668 642.6192737049344 619.0830215247229 1.7327142796684367 2.2005753338240392 4.503224263118411 30.044097911985833 10.017739141037028 -1.3265175033107828 3.0988259067393518 [586, 551] [494, 548] [493, 621] [585, 624] [647, 544] [567, 541] [566, 605] [646, 607]
1 86 -0.2487863301470391 555.350856372854 538.0091654941791 644.519765599158 589.382705219203 1.697996486447091 2.2005753338240392 4.503224263118411 41.08974016152438 12.879738529665548 -1.0144515387380564 3.086625335220929 [606, 534] [540, 535] [542, 587] [608, 586] [651, 530] [592, 531] [593, 577] [652, 576]
1 87 -0.15833878674464982 740.2735303397488 522.2190032396329 804.0880107297024 564.1186955016585 1.5 2.2005753338240392 4.503224263118411 49.507412922174815 8.285330263542507 -0.6194076137999128 3.134112770592677 [789, 527] [734, 528] [735, 565] [790, 565] [806, 523] [756, 523] [756, 558] [807, 557]
1 94 2.0954155219112867 1916.9356189766759 578.5115126275277 1920.0 650.4420007972108 1.65 2.0980995195028735 4.6 18.71351783879531 -24.358190874966454 -1.7815123273775546 1.9618855771234236 [2592, 600] [2370, 597] [2374, 703] [2596, 718] [2718, 598] [2503, 596] [2507, 694] [2723, 706]
1 37 3.1328189837300684 943.9583278205607 536.4627185109691 1006.6835672733924 581.1371092026354 1.6831032635108842 2.1620488218201532 4.501494793433892 41.187849457761466 -0.008107548487533665 -0.9124666931164981 0.008970513066873211 [941, 529] [1000, 528] [1000, 574] [941, 575] [939, 535] [1005, 534] [1005, 586] [939, 586]
3 97 1.9523648715879978 1351.9583225962 581.7788568299044 1471.2009451444521 708.5793189293925 1.7186894619596222 0.792771772943536 1.8890269704049045 14.514728569278248 -5.940190647881403 -1.5847608544413125 1.5776850170846806 [1392, 591] [1369, 590] [1370, 728] [1393, 737] [1552, 592] [1521, 591] [1522, 729] [1554, 738]
2 100 3.6037314157105067 -1 -1 -1 -1 1.889349942686117 0.7565512578316215 0.7 11.40768035589058 19.30097891458196 -0.9885205696627537 -1.499128730334537 [-896, 528] [-1014, 525] [-1027, 724] [-908, 714] [-971, 525] [-1095, 523] [-1108, 722] [-983, 712]
2 102 5.775304949235483 493.91089604715825 608.4449803287738 532.3433780968952 675.328640124419 1.0638923489141408 0.5974814018114898 0.8600136032749708 17.90279598013097 7.501566126329257 -1.7662723553982087 -3.030503931222302 [486, 610] [444, 611] [445, 683] [486, 682] [502, 607] [462, 607] [463, 676] [503, 675]
5 111 0.11824753705017639 1039.9767541743174 302.00466239476305 1087.9774175166863 332.81663152077607 0.88 1.18 0.19450105559438247 22.814146059610714 -1.8460255109347112 4.133719211304171 3.104085039400927 [1100, 289] [1037, 289] [1037, 336] [1099, 335] [1099, 291] [1037, 291] [1037, 337] [1099, 337]
5 112 0.017378162301881286 924.9270243790918 307.58100179888885 1022.1205212101936 335.04842241096213 0.8056052995647308 1.9884835013316784 0.19450105559438247 22.783783266714725 -0.13785466424323833 3.9588447887521605 3.130264978180842 [1031, 300] [927, 300] [926, 342] [1031, 342] [1031, 302] [927, 302] [927, 344] [1031, 344]
4 113 -0.009774041593679304 892.9106156106126 286.9589428974518 920.8526125397093 348.69554370595307 1.4128501232242883 0.6296811861238986 0.3172992906530429 22.906632437873576 1.2075711327646177 4.172832535214748 3.0986983535078565 [925, 273] [892, 273] [891, 347] [924, 347] [926, 277] [894, 277] [893, 350] [925, 350]
5 114 5.420033855015283 512.4594148170978 482.8412239900129 558.4498777557524 528.089859466387 0.9360538258972415 0.9328370931714999 0.15417863121103798 18.876609260032613 7.368374979973931 0.4705388162180687 -2.6505960010703156 [539, 468] [477, 467] [478, 526] [540, 526] [537, 470] [476, 469] [477, 527] [539, 527]
5 115 5.954837926615045 672.1348237661198 464.1521905383809 696.9540510964456 496.6112444828927 1.0374072135219257 0.8230375899114254 0.15417863121103798 29.253572375573967 7.2250600847333635 1.3419527437869692 -3.055379981437107 [692, 451] [658, 454] [662, 496] [696, 492] [693, 451] [659, 455] [663, 496] [697, 493]
4 116 -0.2849783536706343 501.4370863344138 409.4491722686014 530.3195618453051 473.38648067604254 1.15 0.4874904661278866 0.36250007977828236 19.026757123587394 7.806230616542826 1.6482534973343308 3.0372371215952536 [496, 387] [468, 386] [461, 458] [490, 458] [507, 392] [479, 391] [473, 461] [502, 462]
4 117 1.6605085860266642 1443.302985810309 400.0377158313292 1471.8562653936049 480.83634063003797 1.4728641500160233 0.45 0.38980909363153976 18.760809154160388 -8.31298833623517 1.5248742722225936 1.898188444881916 [1498, 384] [1477, 391] [1486, 483] [1507, 477] [1518, 385] [1497, 392] [1506, 483] [1527, 478]
4 118 6.328571916829955 1175.470523679997 423.19559473647 1198.882266735239 483.150046715763 1.0680303458274665 0.38713832756197947 0.29006022149575594 22.236956352956582 -4.078315590090135 1.4783621324406553 -3.00559247633785 [1202, 421] [1182, 421] [1183, 479] [1203, 479] [1197, 423] [1177, 423] [1178, 480] [1198, 480]
4 119 6.602177437326523 1489.1147243218675 420.4145797551357 1515.2754009525431 479.9837069655951 1.0680303458274665 0.38713832756197947 0.29006022149575594 18.97964953220198 -9.319445981562398 1.458779451182931 -3.004144465633839 [1573, 404] [1550, 404] [1557, 471] [1580, 471] [1562, 409] [1539, 409] [1546, 475] [1569, 474]
4 124 3.6763976334281585 0 427.5669216824899 10.242240787563464 480.64590556499695 1.15 0.4874904661278866 0.36250007977828236 15.325928786213915 18.31408238933353 1.6346221799219327 -1.4087979847156327 [-394, 359] [-431, 350] [-436, 438] [-399, 444] [-426, 359] [-464, 350] [-469, 439] [-430, 445]
5 126 0.6110949781764503 1487.0910899227688 478.9374969142466 1532.7431888067804 533.4384243380119 1.2171155664154385 0.919968608329794 0.19450105559438247 18.61300775321858 -9.397084736044308 0.33433630610661974 2.9980309292165357 [1609, 470] [1545, 471] [1547, 549] [1611, 549] [1604, 472] [1541, 472] [1543, 550] [1606, 550]
5 127 2.261490489504453 0 472.57190436776176 0.097715299315837 473.56385587560425 0.9596331508323258 0.6303719117093131 0.19450105559438247 15.157103487871318 18.742061369942256 0.5969809281885543 -0.010657956169893967 [-487, 442] [-440, 442] [-452, 515] [-499, 514] [-505, 439] [-458, 439] [-470, 512] [-518, 512]
4 135 -0.009687835377949476 898.1888189544718 321.72876339255856 920.4288127649213 343.8602215905538 0.3854771838833578 0.39563127650487495 0.3172992906530429 22.91496170858235 1.2060293347375508 3.82501067654563 3.0986983535078565 [918, 319] [898, 318] [897, 339] [918, 339] [920, 322] [900, 321] [899, 341] [919, 341]
4 140 -0.33116947553904036 507.28861263416945 454.20193080579185 523.356798091125 471.6363145895953 0.3010364124908259 0.29408922108765156 0.20694927801204602 18.984177310575095 7.795500384473631 1.2520818018464326 3.0831244334079413 [490, 439] [472, 439] [472, 458] [490, 458] [496, 440] [478, 440] [479, 459] [496, 459]
4 136 6.319422096529726 1177.003688710824 426.6265811544411 1193.172535142519 442.5003116477016 0.3010364124908259 0.29408922108765156 0.25713953337634515 22.241928136564848 -4.071078629409564 1.8182041046618025 -2.9967971277062064 [1199, 424] [1184, 424] [1184, 440] [1200, 440] [1195, 425] [1180, 425] [1180, 441] [1195, 441]