1 29 3.067524511256735 750.3504688637555 573.2643228283989 1120.6685202598605 879.0030004521027 1.615405797958374 2.2149407863616943 4.523248195648193 7.5938006271290535 0.2331739824066861 -1.0400446090788233 0.04337195307016373 [795, 557] [1062, 557] [1061, 751] [795, 752] [689, 580] [1182, 581] [1180, 938] [689, 941]
1 31 3.5634218930583916 1295.8166012133602 603.0281575111558 1765.93398115619 871.7974687325446 1.5186728079416651 2.104976970218756 4.569127957061207 7.19413150455242 -3.6106493180463155 -1.2032573585955189 0.04332774467752603 [1281, 589] [1543, 595] [1540, 786] [1278, 781] [1621, 626] [2121, 636] [2116, 1005] [1615, 1000]
1 32 2.615744004104176 106.04916066265497 565.4276141128474 597.0228477615478 911.331214744116 1.712150123982994 2.1236619208025185 4.498645152128859 6.384977714844557 3.485383149191365 -1.0201337829357398 0.026179938779914938 [339, 557] [630, 558] [628, 793] [335, 792] [-304, 553] [301, 556] [294, 1041] [-315, 1041]
1 33 3.3595993842455494 1137.216822039955 567.7050228130425 1368.4398254873213 713.0916209054018 1.6760526650477003 2.125413731950142 4.6 13.772081040728908 -3.215732345566087 -1.24442752574778 0.011379913034277989 [1128, 562] [1286, 564] [1285, 689] [1127, 687] [1197, 567] [1418, 570] [1416, 744] [1195, 742]
1 34 2.871567436766809 528.237150331653 557.8161721336978 771.870389042594 728.9326145551347 1.8499767886696075 2.1620488218201532 4.6 12.883940679243233 3.4453266594961 -1.0958815890935536 0.008726646259971648 [615, 546] [784, 546] [783, 691] [614, 690] [467, 539] [708, 540] [706, 748] [464, 746]
1 35 3.25515430027113 1085.169929984613 570.5353078813455 1214.1092265524983 658.9560327971515 1.4998925364709235 2.1109863249074676 4.6 21.447808938161806 -3.207253331540151 -1.5096923943922314 0.03487602060891118 [1075, 570] [1180, 570] [1180, 645] [1074, 645] [1109, 575] [1240, 575] [1240, 668] [1109, 668]
1 36 2.95948769057638 716.0493470218169 573.1604389047417 841.8514456319301 658.0685233775362 1.4998925364709235 2.1109863249074676 4.6 21.892943303458193 3.6375668475400547 -1.4882433689529315 0.01745661597526588 [738, 567] [842, 568] [841, 641] [738, 641] [689, 569] [816, 570] [816, 660] [688, 660]
1 37 3.122858241527594 904.3647158866962 560.9950467716903 1013.6855601821336 642.3651332886254 1.6831032635108842 2.1620488218201532 4.501494793433892 22.953700032115187 0.22972292359583057 -1.4638860122500859 0.008726646259971648 [908, 561] [1010, 561] [1009, 641] [907, 641] [896, 561] [1020, 562] [1020, 659] [896, 658]
1 38 3.2459562476022157 1069.251322178333 566.6437844780344 1159.2406470532055 633.8111273295341 1.4998925364709235 2.1109863249074676 4.6 28.690279586370686 -3.5113034698898176 -1.6485262860669836 0.01741730539776943 [1064, 566] [1145, 566] [1145, 624] [1063, 624] [1083, 568] [1179, 568] [1178, 636] [1083, 636]
1 41 3.0027004953073577 777.2659102831768 555.1850082328244 865.4658111097228 619.7596077779357 1.7329342938239063 2.1109863249074676 4.507259303405364 29.867060358238458 3.6477171762015983 -1.6336578677239997 0.01736224931541663 [796, 559] [874, 560] [873, 624] [795, 623] [770, 558] [861, 559] [860, 634] [769, 633]
1 40 3.2154031625269224 1038.2075737587138 556.8474567415095 1107.433290856523 618.9462153643659 1.7329342938239063 2.1109863249074676 4.507259303405364 34.63500809583034 -3.132661486992238 -1.663119576579875 0.01639188384580276 [1037, 556] [1105, 557] [1104, 613] [1036, 612] [1049, 557] [1127, 558] [1125, 622] [1048, 620]
1 63 4.532122797407423 1083.1157973092209 539.8219907955929 1207.7335284626586 601.2516289949904 2.523079726898441 2.3200847263006397 5.408168323933332 50.97044923960533 -7.759001448985947 -1.6663182635076956 -1.2394643947641033 [1195, 539] [1223, 540] [1222, 599] [1195, 596] [1083, 539] [1107, 540] [1106, 601] [1083, 598]
1 69 3.830630119642151 305.6101265564096 557.2139105698385 411.6102306227512 595.1892799629607 1.4998925364709235 2.1109863249074676 4.6 44.01570649576836 25.160822128343646 -1.74340401834996 -1.208337533612526 [367, 553] [361, 553] [360, 594] [367, 592] [231, 553] [218, 552] [217, 594] [231, 593]
2 99 -0.20659491618007778 709.3347169255107 548.914321674046 735.4110050204087 613.5742452440587 1.8 0.8190117377790875 0.6220451915054483 31.707411165651504 6.694776806947653 -1.301539218846432 3.140101542193701 [733, 543] [702, 543] [702, 611] [733, 611] [738, 543] [707, 543] [707, 610] [737, 610]
5 49 2.434374619674761 33.295878726003984 494.33887838584025 48.4149642314928 537.4837032865329 0.9597799777984619 0.5490529046436379 0.19189898232168234 18.38984886929459 20.169648624989957 0.515579850910723 -0.12430462632050131 [-324, 460] [-295, 460] [-295, 521] [-324, 521] [-339, 460] [-309, 460] [-309, 521] [-339, 521]
5 48 2.3483251522039312 271.50141564223026 463.0461274101471 292.1538819216205 495.86659998204567 0.9899360088669367 0.6288062611569458 0.1836229825194231 29.299633115547316 19.839620107874936 1.6355037617026724 0.19805693752560494 [160, 440] [187, 441] [187, 480] [159, 480] [156, 439] [184, 440] [183, 480] [155, 479]
5 47 2.4472720947951916 286.14764182927706 511.08973216462294 322.7244946971768 539.8155653897115 0.9026808690531392 1.3426594845260937 0.2698402699334559 29.74130717567677 19.302598864001226 0.2957645142498177 0.11863704265829794 [179, 496] [235, 496] [235, 532] [179, 532] [173, 496] [230, 496] [230, 532] [173, 532]
5 46 2.3073296653660584 356.2921990992654 377.02564039214656 414.22337361047175 395.7332066539791 0.6187598505507854 1.890182614437348 0.20876732822102895 30.526552661753037 16.86123171351146 4.310855813258269 0.32962009744404047 [277, 347] [359, 349] [359, 373] [278, 371] [275, 345] [357, 348] [358, 372] [276, 370]
5 43 2.251859624972192 409.1277303417191 346.9845241706128 434.3972723586289 373.3291150268062 0.9222530157846588 1 0.20719611791778703 31.006508191781275 15.789767853863792 5.0838544762537765 0.4187204241274384 [347, 314] [390, 317] [390, 352] [347, 349] [347, 313] [389, 315] [389, 351] [347, 348]
4 42 2.3842288028903007 443.69511035888513 340.0719105807544 462.25933265879644 385.2822728638226 1.2436151504516602 0.5953734390082626 0.4377982953156525 31.645356992456765 15.05266546232923 5.046762301935414 0.3133710965529756 [397, 315] [421, 316] [421, 363] [397, 362] [394, 312] [419, 314] [419, 360] [394, 359]
5 50 5.769032289265756 695.7645687862797 507.0694394901517 722.2669632486626 534.8598707468548 1.0178465303900945 0.9921865058772994 0.17 33.62942574281942 7.480055550653448 0.36595030503782966 -2.8463026735784696 [725, 497] [689, 497] [689, 533] [725, 533] [724, 497] [689, 497] [689, 533] [724, 533]
4 51 5.7569963248535965 697.7517775947221 463.0647668913192 712.216631541348 499.24185131836987 0.9938309788703918 0.3930247517793141 0.2226678865604949 33.28004203538753 7.5753485408918735 1.4436092469483477 -2.839214616715061 [708, 459] [694, 458] [694, 494] [708, 494] [708, 459] [693, 459] [693, 494] [707, 494]
5 103 2.9110106992926643 726.7910554420447 514.8486373482045 750.2067592539861 539.2910942666081 0.8811770422048335 0.82 0.16869680293985234 38.267739488848896 7.566245741984895 0.1567094836985119 0.035380960711760515 [723, 511] [748, 509] [750, 536] [725, 538] [722, 510] [748, 509] [749, 536] [724, 538]
5 104 1.535046961220268 1238.8603650614725 447.5161458381507 1261.437852324649 481.86300817862264 1.4567030606497033 1.9722913179883814 0.1854372941197373 44.22409862585385 -10.664756128808849 2.4773782904920596 1.8431802086273603 [1271, 442] [1244, 446] [1244, 484] [1271, 482] [1275, 442] [1248, 446] [1249, 484] [1276, 482]
5 60 1.4055848994286664 1208.4189546493155 447.68152237305196 1233.9614170197267 462.6893797069352 0.7592672435795816 1.9950581472312783 0.17 46.43675153059415 -10.032017255721204 2.8295215828953837 1.9487740780303802 [1243, 446] [1213, 449] [1213, 468] [1243, 466] [1246, 446] [1217, 449] [1217, 468] [1246, 466]
5 57 1.2873132519074162 1191.770075496846 423.9825233969123 1203.3522889515798 456.3056142214991 1.58 0.97 0.19989542580692765 47.988799114475974 -9.303563089835894 3.5500651743973415 2.0457733326641057 [1209, 421] [1194, 423] [1193, 462] [1209, 461] [1213, 421] [1198, 423] [1197, 462] [1213, 461]
4 59 1.3029029831492396 1175.8288232713971 422.6117359705887 1187.1705600463995 449.56527842465744 1.0057530403137207 0.5390378335825772 0.2966334139100464 48.85177123257175 -8.833991498755827 3.7633452487679024 2.01758893587952 [1189, 425] [1181, 426] [1181, 451] [1188, 450] [1195, 425] [1187, 426] [1186, 451] [1194, 450]
5 105 6.411484162272758 1207.6307098510379 482.895967137504 1228.4446216420574 508.65693511088733 1 0.7497030407133038 0.16901228091774967 36.393603078990864 -7.7570343477835655 0.9600211102009936 -3.0598911715302215 [1238, 482] [1214, 482] [1214, 515] [1239, 515] [1237, 483] [1213, 483] [1213, 515] [1237, 515]
5 106 3.3434060191620314 1211.4066695137228 502.80973171098736 1224.7296749782354 525.9096350302716 1.0020183068289408 0.5504664336671088 0.1491842714478749 36.64090412160989 -7.762163771393472 0.43833183195898445 0.006944497401577048 [1214, 500] [1232, 500] [1233, 532] [1215, 532] [1215, 500] [1233, 499] [1234, 532] [1216, 532]
5 107 3.176977875275528 1162.7993581681112 534.2205627549001 1191.1764899238547 585.4186983440244 1.74 1.02 0.17 39.04494943836551 -6.844425604285635 -1.1558059790675697 0.13814768805257122 [1164, 539] [1194, 539] [1194, 592] [1164, 592] [1166, 538] [1196, 539] [1196, 592] [1166, 592]
4 108 6.301877084197658 1176.1783744275197 471.5474307282716 1188.0239437525822 506.1676118894661 1.2035265542140816 0.5027392983127943 0.38980909363153976 38.61147103531917 -6.951039223716682 1.2516559906963258 -2.9821670475100786 [1194, 472] [1179, 472] [1182, 509] [1197, 509] [1190, 474] [1176, 474] [1178, 511] [1193, 511]
2 123 0.2791043545192408 1258.7191458500988 542.9300627213063 1285.2649739945707 621.4979894007494 1.8071995317377731 0.7075306883096119 0.6101578281508191 24.58134468053513 -6.363615470206664 -1.111199018098571 3.115806873799067 [1300, 540] [1265, 540] [1266, 629] [1301, 629] [1293, 541] [1259, 541] [1259, 628] [1294, 628]
5 133 2.7127669369925616 690.208259757781 528.6225947717897 730.8090505633414 549.7980978831177 0.8450396081765481 1.306962751390864 0.16869680293985234 33.77167477110143 7.525557718095857 -0.2838314411030877 0.20957159163289757 [683, 524] [729, 523] [730, 553] [683, 553] [682, 523] [729, 523] [730, 552] [683, 553]
4 138 6.312040954905811 1177.1988662278686 475.24851037730116 1188.447805610023 485.6275139992714 0.3010364124908259 0.29408922108765156 0.25713953337634515 38.63278799224319 -6.97177071071265 1.6377045615273709 -2.991907383685079 [1192, 474] [1183, 474] [1184, 483] [1193, 483] [1190, 476] [1181, 476] [1181, 485] [1190, 485]
4 139 5.763361916354652 698.9910307255441 464.15403096787475 709.7861523208813 475.23027983597296 0.3010364124908259 0.29408922108765156 0.18134361537004898 33.26353048642393 7.564069143765112 1.7828856300097595 -2.84536523316182 [707, 459] [696, 459] [696, 469] [707, 470] [706, 459] [695, 459] [695, 470] [706, 470]
1 145 4.212308541542236 747.1603299863845 551.894695307196 868.9653966314208 590.1796591095807 1.4998925364709235 2.1109863249074676 4.6 47.73833729249012 6.611622089593862 -1.7190983159426994 -1.208337533612526 [855, 553] [869, 553] [869, 590] [855, 589] [744, 552] [754, 552] [754, 591] [744, 589]