1 29 3.053341784819784 879.1248754429989 595.9004292045967 994.97249161011 693.6372892538516 1.6827452515588448 2.2149407863616943 4.523248195648193 21.475035807831222 0.6368936922646836 -2.024062487435311 0.058602160966493996 [877, 593] [987, 594] [986, 678] [875, 677] [871, 595] [1008, 597] [1006, 701] [869, 700]
1 36 2.7976211720861652 515.6405186993322 615.6031030373032 757.1221309911856 764.1769427716127 1.4998925364709235 2.1109863249074676 4.6 12.17166462764219 3.4267901035897217 -1.5618903274995564 0.06953685817768437 [589, 608] [763, 607] [763, 730] [587, 732] [450, 606] [705, 604] [705, 784] [447, 788]
1 38 3.848770083087295 1494.718270415635 615.9239248571806 1918.4987285923596 1008.3384758940451 1.4998925364709235 2.1109863249074676 4.6 4.357572978771398 -3.9968382827427096 -1.1412735344016525 0.03506858972014205 [1483, 619] [1855, 622] [1860, 893] [1484, 891] [2731, 702] [3898, 712] [3968, 1596] [2770, 1607]
1 40 3.4630326992472025 1216.2528512181036 588.1697506931607 1511.7010117879806 786.0148984690487 1.7329342938239063 2.1109863249074676 4.507259303405364 10.260191530211882 -3.5363268934754566 -1.3654870278775544 0.0104739304247599 [1202, 591] [1403, 588] [1408, 754] [1206, 757] [1338, 590] [1651, 586] [1661, 846] [1345, 850]
1 41 2.9326632762601226 713.5327904496063 588.1556226732733 825.9800654120307 677.6193274273977 1.7329342938239063 2.1109863249074676 4.507259303405364 24.172465727233067 4.055804846193891 -2.0165013664828857 0.042691675613010016 [738, 582] [833, 585] [829, 663] [734, 660] [701, 584] [815, 589] [811, 682] [696, 678]
1 74 5.407846395496965 0 588.2546641723513 217.1367852213517 740.2240515751075 1.6525015929672116 2.1109863249074676 4.507259303405364 9.497406231216404 10.228741887370466 -1.2958330298442151 -3.0887093607688287 [-471, 577] [-826, 575] [-848, 843] [-489, 842] [46, 586] [-171, 585] [-180, 751] [39, 751]
1 75 5.63693633532562 196.39676227032493 584.626765990735 360.33548239913404 672.8152513313853 1.7005599101159514 2.1109863249074676 4.587692004262059 20.358466672899016 13.992120993452332 -1.7962627984451789 -3.097486760843532 [136, 581] [-4, 580] [-8, 691] [133, 692] [293, 581] [181, 580] [178, 669] [291, 669]
1 76 5.857658064425022 470.39102899534544 591.0901168568103 581.7382395662952 658.7449712645982 1.6572234039652607 2.1109863249074676 4.587692004262059 27.044638854212653 10.845317142420905 -2.1792754909169876 -3.0974468412803455 [509, 585] [407, 585] [404, 664] [507, 664] [572, 588] [486, 587] [484, 654] [571, 655]
1 77 6.02287295369316 669.5712359943802 589.8857492571731 734.3006501389493 629.8563657384595 1.7 2.1109863249074676 4.6 48.8636603165252 11.590597000598608 -3.338945673754331 -3.1141787499282123 [704, 588] [650, 589] [650, 633] [704, 632] [725, 588] [676, 588] [676, 628] [725, 627]
1 78 1.5925990461471597 1427.3668634656146 554.8381492233643 1537.7635662306668 626.1563284371056 2.92 2.87 6.813765232114587 45.12379232751883 -20.80066923203987 -2.6646968205381723 1.9809318192354148 [1484, 561] [1423, 564] [1426, 642] [1487, 644] [1619, 563] [1555, 566] [1558, 639] [1623, 640]
1 79 5.94880791699502 582.6331088433737 590.9757980628651 643.6419144414633 628.6781592752951 1.664928483971667 2.1109863249074676 4.400555601048338 48.64281753504804 15.457637382159374 -3.3113453845579897 -3.114901683002944 [605, 588] [551, 588] [550, 631] [604, 631] [634, 588] [584, 587] [584, 626] [633, 626]
3 97 2.724224945730325 1115.6889745300307 589.1544431986343 1159.4128502722983 633.9952069165483 1.7186894619596222 0.792771772943536 1.8890269704049045 44.456787504555955 -6.335092196476838 -3.2296327834287624 0.5589147444717018 [1115, 594] [1132, 594] [1133, 639] [1117, 640] [1148, 593] [1165, 593] [1166, 640] [1150, 640]
2 99 -0.7147193115533856 126.72657180151563 538.6118426994522 213.70050114912942 773.9003877873283 1.8 0.8794628991536763 0.834691010022543 7.00444779331413 6.089466252794771 -0.9163444814211763 3.1406787783607504 [-38, 525] [-192, 526] [-195, 847] [-40, 846] [74, 529] [-63, 530] [-66, 815] [72, 814]
2 100 4.183925241059611 432.61574882051616 584.0389677014597 448.24434882977516 628.7599761385825 1.889349942686117 0.6946670857100565 0.6922314817604123 41.83049600592471 20.488245249638663 -3.0496000396228995 -1.4977805553634806 [406, 586] [398, 587] [397, 640] [405, 639] [386, 586] [377, 586] [377, 640] [385, 639]
5 50 5.3479832155589335 209.79828009456006 436.6848783403681 277.379105774261 517.4825841928385 1.0178465303900945 0.9921865058772994 0.16869680293985234 9.504561001394652 7.03234497993311 0.6232229709342538 -2.8433908527393794 [167, 386] [23, 382] [17, 509] [162, 509] [174, 391] [33, 387] [27, 512] [169, 512]
4 51 5.330522066283316 199.83583370176035 301.0560584965025 246.51139184847028 413.38355143483346 0.9938309788703918 0.3930247517793141 0.21837252951542718 9.284932327859618 7.062625773016831 1.7572011148773492 -2.839214616715061 [97, 237] [37, 234] [37, 362] [96, 364] [108, 244] [50, 240] [50, 366] [107, 368]
5 103 2.670495739609836 401.7720648670757 482.86792674307924 450.6460375546477 541.2639297209714 0.8811770422048335 0.82 0.16869680293985234 14.140188023963491 7.116821331622022 0.325807124849531 0.004809140529476675 [345, 467] [412, 462] [412, 534] [344, 539] [337, 464] [406, 459] [406, 532] [337, 537]
5 104 1.8227150729856934 1513.9537412665932 365.7665852625951 1580.027450702869 434.1192167793908 1.4567030606497033 1.9722913179883814 0.1854372941197373 20.399156867092483 -11.094436345308372 2.4562747208044287 1.8170002698474452 [1666, 335] [1576, 353] [1577, 435] [1667, 425] [1676, 336] [1585, 353] [1586, 435] [1676, 426]
5 60 1.715963322594464 1443.4051493757995 374.35876875511315 1500.105413157379 406.01371540839057 0.7592672435795816 1.9950581472312783 0.1671219359983622 22.64188855442291 -10.430524907752433 2.867085321104376 1.8573240560456763 [1560, 352] [1483, 366] [1483, 405] [1560, 394] [1568, 352] [1490, 367] [1490, 405] [1568, 394]
5 57 1.5451277075823793 1400.599895048612 333.8402632975338 1424.2295301564345 397.00021571314966 1.5804462158857875 0.9670553575049661 0.19989542580692765 24.257058974973273 -9.701290661734125 3.539056182079907 1.9769168433630615 [1466, 313] [1429, 321] [1429, 398] [1465, 393] [1474, 314] [1437, 321] [1436, 398] [1473, 393]
4 59 1.5155095920683297 1372.0934218385037 338.1049102932213 1395.8384078378979 390.51940558191075 1.0057530403137207 0.5390378335825772 0.2966334139100464 25.1782526284937 -9.289622216147693 3.6374712373291667 1.9795428034976197 [1418, 332] [1399, 335] [1398, 383] [1417, 380] [1429, 333] [1410, 336] [1409, 384] [1428, 381]
5 105 6.781675191505577 1615.1739923985554 391.9476328337998 1657.030801672138 457.454213781078 1.0020183068289408 0.7497030407133038 0.16901228091774967 12.497463259822661 -8.202526769000448 1.2635925520517004 -3.059266537671117 [1795, 362] [1726, 362] [1734, 457] [1804, 457] [1783, 367] [1715, 366] [1723, 460] [1791, 460]
5 106 3.711278199657403 1615.2076589363596 437.9860160765893 1649.0407434887916 504.95964737567357 1.0020183068289408 0.5504664336671088 0.1491842714478749 12.696661899831547 -8.258386016973995 0.7704561400210826 0.006997225090335996 [1717, 415] [1768, 415] [1777, 507] [1725, 508] [1726, 412] [1778, 411] [1786, 505] [1734, 506]
5 107 3.400547248539259 1476.4404260122133 528.7075642935649 1523.3622408353663 642.7853556967923 1.741359374804834 1.0209732572833399 0.16901228091774967 14.90186736321162 -7.347622438864913 -0.8578606482834195 0.19913143108689263 [1515, 531] [1587, 533] [1596, 671] [1523, 671] [1524, 530] [1597, 531] [1606, 671] [1532, 671]
4 108 6.591395607045644 1501.0111743640343 385.4989074999338 1529.6082994728256 461.6273457990534 1.2035265542140816 0.5027392983127943 0.38980909363153976 14.711182340822692 -7.429078809803064 1.4356648323100165 -2.9821670475100786 [1600, 363] [1563, 363] [1573, 460] [1611, 460] [1579, 371] [1543, 371] [1552, 466] [1590, 466]
5 109 1.5667946683648806 1264.3617188103508 533.763053929166 1281.8271605451291 566.0327681246039 1.142578125 0.937803206905242 0.18453093497983883 35.87221356136361 -9.444972451578634 -0.8248890791745711 1.8322498686474735 [1291, 539] [1275, 539] [1275, 576] [1291, 578] [1296, 539] [1280, 539] [1280, 576] [1296, 578]
4 110 1.488782301312489 1252.0745152556972 486.50325353883045 1267.2288297492478 531.3976106258027 1.4728641500160233 0.4485650325362152 0.38980909363153976 35.823687411171335 -8.971126723470581 0.5713210150795301 1.898188444881916 [1267, 486] [1259, 488] [1262, 537] [1270, 535] [1278, 486] [1270, 489] [1273, 537] [1282, 535]
5 114 5.685090593109092 756.2691759725718 553.7100561877259 775.4592816947336 573.9007328424058 0.9360538258972415 0.9328370931714999 0.15417863121103798 49.118431100208355 8.5328232205197 -1.4329240444275235 -2.7155007664603095 [776, 551] [753, 552] [754, 574] [776, 574] [775, 552] [753, 552] [753, 575] [776, 574]
4 116 -0.075600286975364 750.2148964434617 523.040529797226 764.8277529370497 551.5337594216014 1.15 0.4683406065754142 0.36250007977828236 49.27554867329843 8.96439927058159 -0.22140555922138702 3.0372371215952536 [760, 519] [749, 519] [747, 547] [758, 547] [762, 520] [751, 520] [750, 548] [761, 548]
4 121 3.8290568343316407 171.4592699431866 435.4241764530098 184.27243460533992 471.0676617090334 1.3513215465655344 0.595498643535702 0.3983220423479812 30.990213108249183 25.928311017961125 2.6011255410637557 -1.3841632726335433 [1, 402] [-13, 399] [-14, 451] [0, 453] [-16, 401] [-30, 399] [-31, 451] [-17, 452]
4 122 1.7598531716625243 1532.3144553412665 442.50680293733683 1553.8782133420184 498.86702924774704 1.0680303458274665 0.38713832756197947 0.342045602274949 20.108166524521128 -10.76064603689526 1.055008335230106 1.87310085057444 [1611, 435] [1592, 440] [1598, 502] [1617, 498] [1627, 436] [1609, 441] [1615, 503] [1633, 499]
5 126 0.25069704423069383 1152.8603842690839 549.3520009670419 1174.8441045687853 573.7208850236977 1.2171155664154385 0.919968608329794 0.19450105559438247 48.889114123875146 -8.228147909555807 -1.5515256945826046 3.0576352418806545 [1183, 553] [1161, 553] [1161, 583] [1183, 583] [1183, 553] [1160, 553] [1160, 583] [1183, 583]
5 127 2.7452599139416445 479.7446517509324 551.2340778241826 492.37135013330686 576.1152901307221 0.9596331508323258 0.6303719117093131 0.19450105559438247 45.393957709309376 19.93787161010933 -1.376495415686632 -0.017519307736424756 [444, 550] [460, 550] [460, 575] [444, 575] [442, 550] [458, 550] [457, 575] [441, 575]
5 128 3.730006971790276 194.42466888174863 467.21467493962336 206.59052998236382 491.5067988733216 0.8056052995647308 0.8317960228192376 0.19450105559438247 34.37120887019561 27.514649725604833 1.7280975425425258 -1.2634688771390907 [38, 454] [25, 451] [24, 478] [37, 481] [30, 453] [17, 450] [17, 478] [30, 481]
5 120 3.7133551516623227 178.5912526732921 466.8809631223466 194.1538950794822 498.32315413655357 0.8056052995647308 1.9884835013316784 0.19450105559438247 32.697782255142535 27.080593741643412 1.755651588206342 -1.2634688771390907 [16, 451] [-18, 443] [-19, 473] [16, 479] [8, 451] [-27, 443] [-27, 473] [7, 479]
4 132 2.226780055182171 252.9091195714388 317.9088317412008 288.7259836253615 418.8720747257227 1.0767505220240052 0.3930247517793141 0.24278337240180026 10.215382443889458 7.131131305213722 1.7325940181728743 0.30537789261344533 [129, 269] [180, 272] [174, 390] [122, 389] [118, 259] [171, 262] [164, 383] [111, 381]
5 133 2.3761696300072623 201.20721592712118 486.5102610218365 299.90878088198104 569.1844007881226 0.8450396081765481 1.306962751390864 0.16869680293985234 9.711600796574139 7.05797447700856 0.10895852635485487 0.13696409187080288 [36, 465] [205, 462] [201, 562] [31, 566] [23, 461] [194, 458] [191, 560] [17, 564]
5 134 1.0376000033766817 411.2481458828912 541.0322662112098 432.6358410457208 633.2600555909662 1.3175117688142506 0.8477357651135493 0.16869680293985234 13.986814495826943 7.140745637178725 -0.7281655543744602 1.6319533251564657 [344, 529] [376, 536] [374, 644] [341, 644] [359, 529] [390, 536] [388, 644] [356, 644]
4 139 5.33961323162229 203.9412469977532 375.8076216192384 236.64715908356143 409.76997115812856 0.3010364124908259 0.29408922108765156 0.18134361537004898 9.295295082088455 7.027456249898161 1.3986421221375822 -2.84536523316182 [96, 328] [52, 326] [51, 364] [95, 366] [105, 332] [62, 330] [62, 368] [105, 369]
4 138 6.556850926825515 1501.7050678464057 385.81372121510316 1523.578022849627 410.4096324664359 0.3010364124908259 0.29408922108765156 0.25713953337634515 14.783269832862443 -7.4157520605855 1.859868317003169 -2.9503064113423294 [1589, 366] [1567, 366] [1570, 389] [1592, 390] [1575, 373] [1554, 372] [1556, 395] [1577, 396]