1 29 3.0674885840974793 748.3406017519675 570.9077806483814 1123.0781416693865 880.4044149579573 1.615405797958374 2.2149407863616943 4.523248195648193 7.615375497923625 0.23411031388318546 -1.0706466481106822 0.04337195307016373 [796, 560] [1062, 561] [1061, 755] [795, 755] [690, 587] [1181, 588] [1179, 943] [689, 946]
1 31 3.5634218930583916 1295.816601242097 600.8463371452656 1763.752161425826 869.6156480361414 1.5186728079416651 2.104976970218756 4.569127957061207 7.19413150455242 -3.6106493180463155 -1.2032573537060753 0.04332774467752603 [1281, 589] [1543, 595] [1540, 786] [1278, 781] [1621, 626] [2121, 636] [2116, 1005] [1615, 1000]
1 32 2.597960835826303 106.04916066265497 565.4276141128474 597.0228477615478 911.331214744116 1.712150123982994 2.1236619208025185 4.498645152128859 6.340595623660457 3.4638715387703685 -1.0018442217256232 0.04363323129985844 [332, 554] [627, 556] [625, 791] [328, 791] [-306, 548] [314, 551] [307, 1039] [-317, 1044]
1 33 3.3530832848170085 1137.216822039955 567.7050228130425 1368.4398254873213 713.0916209054018 1.6760526650477003 2.125413731950142 4.6 13.780868441364424 -3.2499249446846448 -1.2448499826118542 0.02010655929424994 [1129, 562] [1287, 564] [1285, 689] [1128, 687] [1202, 567] [1423, 570] [1421, 744] [1201, 742]
1 34 2.871567436766809 528.237150331653 557.8161721336978 771.870389042594 728.9326145551347 1.8499767886696075 2.1620488218201532 4.6 12.883940679243233 3.4453266594961 -1.09588158420411 0.008726646259971648 [615, 546] [784, 546] [783, 691] [614, 690] [467, 539] [708, 540] [706, 748] [464, 746]
1 35 3.2749008783533973 1085.169929984613 570.5353078813455 1214.1092265524983 658.9560327971515 1.4998925364709235 2.1109863249074676 4.6 21.434018051067913 -3.2505690286454225 -1.501162875596951 0.01719959218624283 [1079, 569] [1185, 570] [1184, 645] [1078, 645] [1109, 574] [1241, 575] [1241, 668] [1109, 668]
1 36 2.9610693038039937 716.0493470218169 573.1604389047417 841.8514456319301 658.0685233775362 1.4998925364709235 2.1109863249074676 4.6 21.847702794801194 3.594550771183203 -1.4870522062669493 0.01745661597526588 [740, 567] [844, 568] [843, 642] [739, 641] [690, 569] [819, 570] [818, 661] [690, 660]
1 37 3.1163537398283814 904.3647158866962 560.9950467716903 1013.6855601821336 642.3651332886254 1.6831032635108842 2.1620488218201532 4.501494793433892 23.042386998107762 0.38051664186530937 -1.466208357296339 0.008726646259971648 [901, 561] [1003, 561] [1002, 641] [900, 640] [888, 561] [1012, 562] [1011, 658] [887, 657]
1 38 3.223190259263181 1069.251322178333 566.6437844780344 1159.2406470532055 633.8111273295341 1.4998925364709235 2.1109863249074676 4.6 28.68712124211886 -3.2624338634361645 -1.6645734638752134 0.031640571703220974 [1052, 569] [1133, 568] [1135, 625] [1053, 627] [1072, 568] [1167, 566] [1169, 634] [1074, 636]
1 40 3.1999554643086094 1038.2075737587138 556.8474567415095 1107.433290856523 618.9462153643659 1.7329342938239063 2.1109863249074676 4.507259303405364 34.62565189463722 -3.1121821942797636 -1.7010124531125395 0.03127714580154495 [1035, 558] [1103, 559] [1103, 615] [1035, 614] [1049, 558] [1127, 558] [1126, 622] [1049, 622]
1 41 2.999741343813601 777.2659102831768 555.1850082328244 865.4658111097228 619.7596077779357 1.7329342938239063 2.1109863249074676 4.507259303405364 29.89077559108802 3.735542594900544 -1.6390584083541662 0.017522811093654115 [792, 559] [870, 560] [870, 624] [792, 623] [767, 558] [857, 559] [857, 634] [766, 633]
1 70 4.056337031005712 516.2413539562214 554.960577328654 620.5546891551905 597.6675251195309 1.6513621134992398 2.1109863249074676 4.6 43.99915128897604 15.0750110523398 -1.7637047143402589 -1.2448299623033474 [628, 553] [630, 553] [630, 598] [627, 596] [500, 552] [497, 552] [496, 598] [500, 597]
2 99 -0.21040135210912872 703.4327741526595 550.621990452498 730.7074262408938 612.8851860355571 1.8 0.8190117377790875 0.6220451915054483 31.817663298539568 6.844669266998106 -1.303815818283266 3.140101542193701 [728, 543] [697, 543] [697, 611] [728, 611] [733, 543] [703, 543] [703, 610] [733, 610]
5 49 2.434374619674761 33.295878726003984 494.33887838584025 48.4149642314928 537.4837032865329 0.9597799777984619 0.5490529046436379 0.19189898232168234 18.38984886929459 20.169648624989957 0.4941659290937921 -0.12430462632050131 [-324, 462] [-295, 462] [-295, 523] [-324, 523] [-339, 461] [-309, 461] [-309, 523] [-339, 523]
5 48 2.3483251522039312 271.50141564223026 463.0461274101471 292.1538819216205 495.86659998204567 0.9899360088669367 0.6288062611569458 0.1836229825194231 29.299633115547316 19.839620107874936 1.6355037665921066 0.19805693752560494 [160, 440] [187, 441] [187, 480] [159, 480] [156, 439] [184, 440] [183, 480] [155, 479]
5 47 2.4472720947951916 286.14764182927706 511.08973216462294 322.7244946971768 539.8155653897115 0.9026808690531392 1.3426594845260937 0.2698402699334559 29.74130717567677 19.302598864001226 0.29576451913924956 0.11863704265829794 [179, 496] [235, 496] [235, 532] [179, 532] [173, 496] [230, 496] [230, 532] [173, 532]
5 46 2.3073296653660584 356.2921990992654 377.02564039214656 414.22337361047175 395.7332066539791 0.6187598505507854 1.890182614437348 0.20876732822102895 30.526552661753037 16.86123171351146 4.310855818147694 0.32962009744404047 [277, 347] [359, 349] [359, 373] [278, 371] [275, 345] [357, 348] [358, 372] [276, 370]
5 43 2.251859624972192 409.1277303417191 346.9845241706128 434.3972723586289 373.3291150268062 0.9222530157846588 1 0.20719611791778703 31.006508191781275 15.789767853863792 5.08385448114322 0.4187204241274384 [347, 314] [390, 317] [390, 352] [347, 349] [347, 313] [389, 315] [389, 351] [347, 348]
4 42 2.3840005567130467 443.69511035888513 340.0719105807544 462.25933265879644 385.2822728638226 1.2436151504516602 0.5953734390082626 0.4377982953156525 31.642870078531367 15.060339972810267 5.046762306824857 0.3133710965529756 [397, 315] [421, 316] [421, 363] [397, 362] [394, 312] [419, 314] [419, 360] [394, 359]
5 50 5.769032289265756 695.7645687862797 507.0694394901517 722.2669632486626 534.8598707468548 1.0178465303900945 0.9921865058772994 0.17 33.62942574281942 7.480055550653448 0.3659503099272685 -2.8463026735784696 [725, 497] [689, 497] [689, 533] [725, 533] [724, 497] [689, 497] [689, 533] [724, 533]
4 51 5.7569963248535965 697.7517775947221 463.0647668913192 712.216631541348 499.24185131836987 0.9938309788703918 0.3930247517793141 0.2226678865604949 33.28004203538753 7.5753485408918735 1.4436092518377865 -2.839214616715061 [708, 459] [694, 458] [694, 494] [708, 494] [708, 459] [693, 459] [693, 494] [707, 494]
5 103 2.9110106992926643 726.7910554420447 514.8486373482045 750.2067592539861 539.2910942666081 0.8811770422048335 0.82 0.16869680293985234 38.267739488848896 7.566245741984895 0.15670948858795075 0.035380960711760515 [723, 511] [748, 509] [750, 536] [725, 538] [722, 510] [748, 509] [749, 536] [724, 538]
5 104 1.5347152647831668 1238.8603650614725 447.5161458381507 1261.437852324649 481.86300817862264 1.4567030606497033 1.9722913179883814 0.1854372941197373 44.253937001485745 -10.656420455431553 2.477364141762798 1.8431802086273603 [1270, 442] [1244, 446] [1244, 484] [1271, 482] [1275, 442] [1248, 446] [1248, 484] [1275, 482]
5 60 1.462586128769361 1208.4189546493155 447.68152237305196 1233.9614170197267 462.6893797069352 0.7592672435795816 1.9950581472312783 0.17 46.44641851460933 -10.05636306392674 2.8295215877848365 1.8922306410855625 [1242, 446] [1215, 449] [1215, 468] [1242, 466] [1246, 446] [1219, 449] [1219, 468] [1246, 466]
5 57 1.2873132519074162 1191.770075496846 423.9825233969123 1203.3522889515798 456.3056142214991 1.58 0.97 0.19989542580692765 47.988799114475974 -9.303563089835894 3.5500651792867943 2.0457733326641057 [1209, 421] [1194, 423] [1193, 462] [1209, 461] [1213, 421] [1198, 423] [1197, 462] [1213, 461]
4 59 1.303860377976914 1175.8288232713971 422.6117359705887 1187.1705600463995 449.56527842465744 1.0057530403137207 0.5390378335825772 0.2966334139100464 48.82097920922215 -8.876701072680943 3.7633452536573553 2.01758893587952 [1190, 425] [1182, 426] [1182, 451] [1190, 450] [1196, 425] [1188, 426] [1188, 451] [1196, 450]
5 105 6.411484162272758 1207.6307098510379 482.895967137504 1228.4446216420574 508.65693511088733 1 0.7497030407133038 0.16901228091774967 36.393603078990864 -7.7570343477835655 0.9600211150904417 -3.0598911715302215 [1238, 482] [1214, 482] [1214, 515] [1239, 515] [1237, 483] [1213, 483] [1213, 515] [1237, 515]
5 106 3.3433737976606337 1211.4066695137228 502.80973171098736 1224.7296749782354 525.9096350302716 1.0020183068289408 0.5504664336671088 0.1491842714478749 36.618131049171375 -7.756106593744248 0.4147082124339705 0.006944497401577048 [1214, 501] [1232, 501] [1233, 533] [1215, 533] [1215, 500] [1233, 500] [1234, 533] [1216, 533]
5 107 3.176977875275528 1162.7993581681112 534.2205627549001 1191.1764899238547 585.4186983440244 1.74 1.02 0.17 39.04494943836551 -6.844425604285635 -1.1558059741781215 0.13814768805257122 [1164, 539] [1194, 539] [1194, 592] [1164, 592] [1166, 538] [1196, 539] [1196, 592] [1166, 592]
4 108 6.3014834644253535 1176.1783744275197 471.5474307282716 1188.0239437525822 506.1676118894661 1.2035265542140816 0.5027392983127943 0.38980909363153976 38.54881075330881 -6.924094565000384 1.2591877512695049 -2.9821670475100786 [1194, 472] [1179, 472] [1181, 509] [1196, 508] [1190, 474] [1175, 474] [1177, 511] [1192, 510]
2 123 0.2791100277772134 1257.4180901502834 542.7554731614815 1283.6361019793521 615.5850629577815 1.8071995317377731 0.7075306883096119 0.6101578281508191 24.580868188624102 -6.363640915876658 -1.1221192352628369 3.115806873799067 [1300, 541] [1265, 541] [1266, 630] [1301, 630] [1293, 542] [1259, 542] [1259, 628] [1294, 628]
5 133 2.7127669369925616 690.6139558115146 531.8681632016588 731.2147466170751 553.0436663129868 0.8450396081765481 1.306962751390864 0.16869680293985234 33.77167477110143 7.525557718095857 -0.28383143621364887 0.20957159163289757 [683, 524] [729, 523] [730, 553] [683, 553] [682, 523] [729, 523] [730, 552] [683, 553]
4 138 6.311381263896337 1176.4124393628485 475.3297403540366 1187.6788211272055 485.7266948355021 0.3010364124908259 0.29408922108765156 0.25713953337634515 38.567082473760784 -6.933645518052039 1.6316395381602913 -2.991907383685079 [1191, 474] [1183, 474] [1183, 484] [1192, 484] [1189, 476] [1180, 476] [1180, 485] [1189, 485]
4 139 5.763361916354652 699.4565668384662 463.94864739660136 710.2516884340212 475.0248962655148 0.3010364124908259 0.29408922108765156 0.18134361537004898 33.26353048642393 7.564069143765112 1.7828856348991984 -2.84536523316182 [707, 459] [696, 459] [696, 469] [707, 470] [706, 459] [695, 459] [695, 470] [706, 470]