1 29 3.0674664774393703 748.8651351507593 571.7423892594472 1120.3113170421484 877.4806297285177 1.615405797958374 2.2149407863616943 4.523248195648193 7.6287119780328085 0.23468910604518003 -1.059731605252228 0.04337195307016373 [796, 559] [1062, 560] [1061, 753] [795, 753] [691, 584] [1181, 585] [1178, 939] [690, 942]
1 31 3.561135107585489 1293.4394186666727 602.9989397640469 1766.01610233882 872.3093890640589 1.5186728079416651 2.104976970218756 4.569127957061207 7.193219901862389 -3.5896225612576296 -1.2028868307265976 0.04332774467752603 [1279, 589] [1540, 595] [1537, 786] [1275, 781] [1616, 626] [2116, 636] [2111, 1005] [1610, 1000]
1 32 2.6077898460585427 106.04916066265497 565.4276141128474 597.0228477615478 911.331214744116 1.712150123982994 2.1236619208025185 4.498645152128859 6.398799613668733 3.4865149501731145 -1.0033683424193944 0.034906585039886875 [336, 555] [628, 556] [626, 790] [333, 790] [-297, 549] [310, 551] [303, 1034] [-308, 1036]
1 33 3.3332749082207327 1137.216822039955 567.7050228130425 1368.4398254873213 713.0916209054018 1.6760526650477003 2.125413731950142 4.6 13.74147350647042 -3.2064912238708945 -1.2438077015310516 0.037559851814193614 [1124, 562] [1281, 564] [1280, 689] [1122, 687] [1203, 567] [1423, 570] [1421, 745] [1201, 743]
1 34 2.871567436766809 528.237150331653 557.8161721336978 771.870389042594 728.9326145551347 1.8499767886696075 2.1620488218201532 4.6 12.883940679243233 3.4453266594961 -1.0958815797803279 0.008726646259971648 [615, 546] [784, 546] [783, 691] [614, 690] [467, 539] [708, 540] [706, 748] [464, 746]
1 35 3.266941665075157 1085.169929984613 570.5353078813455 1214.1092265524983 658.9560327971515 1.4998925364709235 2.1109863249074676 4.6 21.42288881190279 -3.2597175426778153 -1.499493692244244 0.025653225117016544 [1078, 569] [1184, 570] [1184, 645] [1078, 645] [1111, 574] [1243, 575] [1242, 668] [1111, 668]
1 36 2.9591831882008024 722.5020780019314 573.1604389047417 848.3041766120448 658.0685233775362 1.4998925364709235 2.1109863249074676 4.6 21.846966071198345 3.636764067412511 -1.4870393422848454 0.01745661597526588 [738, 567] [842, 568] [841, 642] [737, 641] [688, 569] [816, 570] [815, 661] [687, 660]
1 37 3.122196874150419 904.3647158866962 560.9950467716903 1013.6855601821336 642.3651332886254 1.6831032635108842 2.1620488218201532 4.501494793433892 22.844289050348507 0.24373801060242528 -1.4610209755495212 0.008726646259971648 [907, 561] [1009, 561] [1009, 641] [906, 641] [895, 561] [1020, 562] [1019, 659] [894, 658]
1 38 3.2215553008683093 1069.251322178333 566.6437844780344 1159.2406470532055 633.8111273295341 1.4998925364709235 2.1109863249074676 4.6 28.63162583638682 -3.287717385988925 -1.725104393199272 0.03436479542267793 [1054, 569] [1135, 571] [1134, 629] [1053, 626] [1076, 570] [1171, 572] [1170, 640] [1074, 638]
1 40 3.171106461269611 1038.2075737587138 556.8474567415095 1107.433290856523 618.9462153643659 1.7329342938239063 2.1109863249074676 4.507259303405364 34.650404104648935 -3.0211370363709764 -1.7257438569907348 0.05745534452283811 [1030, 559] [1098, 560] [1098, 616] [1030, 615] [1048, 558] [1125, 559] [1125, 623] [1047, 622]
1 41 2.9923751345792406 777.2659102831768 555.1850082328244 865.4658111097228 619.7596077779357 1.7329342938239063 2.1109863249074676 4.507259303405364 29.869171373989957 3.9594214568049493 -1.6518662118108285 0.017427070051253542 [784, 560] [862, 561] [861, 625] [783, 624] [757, 558] [848, 559] [847, 634] [756, 633]
2 99 -0.20994662208498735 703.0433058431116 548.6746489047588 730.317957931346 610.9378444878179 1.8 0.8190117377790875 0.6220451915054483 31.70257393910246 6.804829273119273 -1.3017156438654933 3.140101542193701 [729, 543] [698, 543] [698, 611] [729, 611] [734, 543] [703, 543] [703, 610] [733, 610]
5 49 2.434374619674761 33.295878726003984 494.33887838584025 48.4149642314928 537.4837032865329 0.9597799777984619 0.5490529046436379 0.19189898232168234 18.38984886929459 20.169648624989957 0.4870279579487761 -0.12430462632050131 [-324, 462] [-295, 462] [-295, 523] [-324, 523] [-339, 462] [-309, 461] [-309, 523] [-339, 523]
5 48 2.3483181282368006 271.50141564223026 463.0461274101471 292.1538819216205 495.86659998204567 0.9899360088669367 0.6288062611569458 0.1836229825194231 29.299003374746462 19.839493846788095 1.6207932877580307 0.19805693752560494 [160, 441] [187, 441] [187, 481] [159, 480] [156, 440] [184, 440] [183, 480] [155, 480]
5 47 2.4472720947951916 286.14764182927706 511.08973216462294 322.7244946971768 539.8155653897115 0.9026808690531392 1.3426594845260937 0.2698402699334559 29.74130717567677 19.302598864001226 0.29576452356302124 0.11863704265829794 [179, 496] [235, 496] [235, 532] [179, 532] [173, 496] [230, 496] [230, 532] [173, 532]
5 46 2.3073296653660584 356.2921990992654 377.02564039214656 414.22337361047175 395.7332066539791 0.6187598505507854 1.890182614437348 0.20876732822102895 30.526552661753037 16.86123171351146 4.310855822571459 0.32962009744404047 [277, 347] [359, 349] [359, 373] [278, 371] [275, 345] [357, 348] [358, 372] [276, 370]
5 43 2.251859624972192 409.1277303417191 346.9845241706128 434.3972723586289 373.3291150268062 0.9222530157846588 1 0.20719611791778703 31.006508191781275 15.789767853863792 5.083854485567002 0.4187204241274384 [347, 314] [390, 317] [390, 352] [347, 349] [347, 313] [389, 315] [389, 351] [347, 348]
4 42 2.3840005567130467 443.69511035888513 340.0719105807544 462.25933265879644 385.2822728638226 1.2436151504516602 0.5953734390082626 0.4377982953156525 31.642870078531367 15.060339972810267 5.0467623112486395 0.3133710965529756 [397, 315] [421, 316] [421, 363] [397, 362] [394, 312] [419, 314] [419, 360] [394, 359]
5 50 5.768760900690904 695.7645687862797 507.0694394901517 722.2669632486626 534.8598707468548 1.0178465303900945 0.9921865058772994 0.17 33.62669902871476 7.48902702745998 0.3658857553489793 -2.8463026735784696 [724, 497] [689, 497] [689, 533] [725, 533] [724, 497] [688, 497] [688, 533] [724, 533]
4 51 5.756641858384187 697.7517775947221 463.0647668913192 712.216631541348 499.24185131836987 0.9938309788703918 0.3930247517793141 0.2226678865604949 33.27648008272152 7.586945304841642 1.4496747000158583 -2.839214616715061 [708, 458] [693, 458] [693, 494] [708, 494] [707, 459] [693, 459] [693, 494] [707, 494]
5 103 2.9110106992926643 726.7910554420447 514.8486373482045 750.2067592539861 539.2910942666081 0.8811770422048335 0.82 0.16869680293985234 38.267739488848896 7.566245741984895 0.15670949301172876 0.035380960711760515 [723, 511] [748, 509] [750, 536] [725, 538] [722, 510] [748, 509] [749, 536] [724, 538]
5 104 1.5347608593271223 1238.8603650614725 447.5161458381507 1261.437852324649 481.86300817862264 1.4567030606497033 1.9722913179883814 0.1854372941197373 44.254508126706384 -10.658692771791467 2.3431342959861237 1.8431802086273603 [1270, 446] [1244, 449] [1244, 488] [1271, 486] [1275, 446] [1248, 449] [1248, 488] [1275, 486]
5 60 1.462157518165872 1208.4189546493155 447.68152237305196 1233.9614170197267 462.6893797069352 0.7592672435795816 1.9950581472312783 0.17 46.48437276811784 -10.043724980971065 2.8395223624920303 1.8922306410855625 [1241, 446] [1215, 449] [1214, 468] [1241, 466] [1245, 446] [1218, 449] [1218, 468] [1245, 466]
5 57 1.2873132519074162 1191.770075496846 423.9825233969123 1203.3522889515798 456.3056142214991 1.58 0.97 0.19989542580692765 47.988799114475974 -9.303563089835894 3.526532352310937 2.0457733326641057 [1209, 422] [1194, 423] [1193, 463] [1209, 461] [1213, 422] [1198, 424] [1197, 463] [1213, 462]
4 59 1.303785590327967 1175.8288232713971 422.6117359705887 1187.1705600463995 449.56527842465744 1.0057530403137207 0.5390378335825772 0.2966334139100464 48.853713321049874 -8.878878446907535 3.663831782292986 2.01758893587952 [1190, 428] [1182, 429] [1182, 453] [1189, 452] [1196, 428] [1188, 429] [1188, 453] [1195, 453]
5 105 6.411484162272758 1207.6307098510379 482.895967137504 1228.4446216420574 508.65693511088733 1 0.7497030407133038 0.16901228091774967 36.393603078990864 -7.7570343477835655 0.9600211195142282 -3.0598911715302215 [1238, 482] [1214, 482] [1214, 515] [1239, 515] [1237, 483] [1213, 483] [1213, 515] [1237, 515]
5 106 3.3436513988010907 1211.4066695137228 502.80973171098736 1224.7296749782354 525.9096350302716 1.0020183068289408 0.5504664336671088 0.1491842714478749 36.6248078666702 -7.768144660839237 0.4412644693251228 0.006944497401577048 [1215, 500] [1233, 500] [1233, 532] [1215, 532] [1216, 499] [1234, 499] [1234, 532] [1216, 532]
5 107 3.1764879838014086 1162.7993581681112 534.2205627549001 1191.1764899238547 585.4186983440244 1.74 1.02 0.17 39.04214368537838 -6.824221314834259 -1.1555331365814459 0.13814768805257122 [1164, 539] [1194, 539] [1194, 592] [1163, 592] [1165, 538] [1195, 539] [1195, 592] [1165, 592]
4 108 6.30149887701093 1176.1783744275197 471.5474307282716 1188.0239437525822 506.1676118894661 1.2035265542140816 0.5027392983127943 0.38980909363153976 38.54756392468062 -6.92448389833743 1.2502076211260744 -2.9821670475100786 [1194, 472] [1179, 472] [1181, 509] [1196, 509] [1190, 474] [1175, 474] [1177, 511] [1192, 511]
2 123 0.27911570123847274 1255.3488058279572 543.013000721443 1283.831609170142 622.5391579580236 1.8071995317377731 0.7075306883096119 0.6101578281508191 24.580391696713075 -6.363666361546652 -1.1330394528927645 3.115806873799067 [1300, 541] [1265, 541] [1266, 630] [1301, 630] [1293, 542] [1259, 542] [1259, 629] [1294, 629]
5 133 2.7127669369925616 689.5997156771806 531.8681632016588 731.4175946439419 553.0436663129868 0.8450396081765481 1.306962751390864 0.16869680293985234 33.77167477110143 7.525557718095857 -0.28383143178987086 0.20957159163289757 [683, 524] [729, 523] [730, 553] [683, 553] [682, 523] [729, 523] [730, 552] [683, 553]
4 138 6.311921441406131 1177.055029740885 474.94680358949836 1188.3083863370257 485.33207050014187 0.3010364124908259 0.29408922108765156 0.25713953337634515 38.61734637964648 -6.9642185817423385 1.6468298706790157 -2.991907383685079 [1192, 474] [1183, 474] [1184, 483] [1192, 483] [1189, 475] [1181, 475] [1181, 484] [1190, 484]
4 139 5.763361916354652 699.1624371667099 464.25291936247737 709.9575587624618 475.3291682321285 0.3010364124908259 0.29408922108765156 0.18134361537004898 33.26353048642393 7.564069143765112 1.7828856393229764 -2.84536523316182 [707, 459] [696, 459] [696, 469] [707, 470] [706, 459] [695, 459] [695, 470] [706, 470]