1 29 3.067510568330549 749.9522105993882 570.6556901558823 1121.6058842409032 880.4059128684034 1.615405797958374 2.2149407863616943 4.523248195648193 7.60215905480266 0.2335367312268 -1.0479760800517592 0.04337195307016373 [795, 557] [1062, 558] [1061, 752] [795, 753] [690, 582] [1182, 583] [1180, 939] [689, 942]
1 31 3.561135107585489 1295.6212383754253 605.1807607848064 1763.8342824900417 870.1275712418847 1.5186728079416651 2.104976970218756 4.569127957061207 7.193219901862389 -3.5896225612576296 -1.202886840971146 0.04332774467752603 [1279, 589] [1540, 595] [1537, 786] [1275, 781] [1616, 626] [2116, 636] [2111, 1005] [1610, 1000]
1 32 2.618576756015064 106.04916066265497 565.4276141128474 597.0228477615478 911.331214744116 1.712150123982994 2.1236619208025185 4.498645152128859 6.430381528834591 3.4865607572073927 -1.0041953542172601 0.026179938779914938 [342, 555] [632, 556] [630, 789] [339, 788] [-291, 549] [308, 551] [301, 1031] [-302, 1031]
1 33 3.3245284855548194 1137.216822039955 567.7050228130425 1368.4398254873213 713.0916209054018 1.6760526650477003 2.125413731950142 4.6 13.771994125454109 -3.213325839927152 -1.2444073133472644 0.046286498074164656 [1123, 562] [1279, 564] [1278, 688] [1121, 687] [1206, 567] [1424, 570] [1423, 744] [1204, 742]
1 34 2.871567436766809 528.237150331653 557.8161721336978 771.870389042594 728.9326145551347 1.8499767886696075 2.1620488218201532 4.6 12.883940679243233 3.4453266594961 -1.0958815900248762 0.008726646259971648 [615, 546] [784, 546] [783, 691] [614, 690] [467, 539] [708, 540] [706, 748] [464, 746]
1 35 3.275501249258761 1086.967475974827 570.5353078813455 1214.1092265524983 658.9560327971515 1.4998925364709235 2.1109863249074676 4.6 21.45287380157951 -3.2720579295271 -1.4947874541806345 0.017447973007393595 [1080, 569] [1186, 569] [1185, 645] [1079, 644] [1111, 574] [1242, 574] [1242, 668] [1110, 667]
1 36 2.9601261147174283 716.0493470218169 573.1604389047417 841.8514456319301 658.0685233775362 1.4998925364709235 2.1109863249074676 4.6 21.84733443299977 3.615657419297857 -1.4870457823085546 0.01745661597526588 [739, 567] [843, 568] [842, 642] [738, 641] [689, 569] [817, 570] [817, 661] [688, 660]
1 37 3.1163611331144656 904.3647158866962 560.9950467716903 1013.6855601821336 642.3651332886254 1.6831032635108842 2.1620488218201532 4.501494793433892 22.957219837842416 0.37894043554771034 -1.4639781825381193 0.008726646259971648 [901, 561] [1003, 561] [1002, 641] [900, 640] [888, 561] [1012, 562] [1011, 659] [887, 658]
1 38 3.237490777022429 1069.251322178333 566.6437844780344 1159.2406470532055 633.8111273295341 1.4998925364709235 2.1109863249074676 4.6 28.693109366544096 -3.2661742494111317 -1.6549565255060925 0.017445315782539383 [1054, 566] [1135, 566] [1135, 624] [1054, 624] [1072, 569] [1167, 569] [1167, 637] [1072, 636]
1 41 2.9986011538051884 777.2659102831768 555.1850082328244 865.4658111097228 619.7596077779357 1.7329342938239063 2.1109863249074676 4.507259303405364 29.880734897110777 3.773493739580249 -1.6220558382023373 0.017371306123297178 [791, 558] [869, 559] [868, 623] [790, 622] [765, 558] [856, 559] [855, 633] [764, 632]
1 40 3.212218017073378 1038.2075737587138 556.8474567415095 1107.433290856523 618.9462153643659 1.7329342938239063 2.1109863249074676 4.507259303405364 34.64950417988836 -3.03420646956667 -1.590639704189896 0.01672036762455043 [1034, 553] [1102, 555] [1101, 611] [1033, 609] [1046, 554] [1123, 556] [1122, 619] [1044, 618]
1 63 4.396408034479919 928.8327644466511 537.7368036543975 1072.2226286714128 602.3455569354167 2.523079726898441 2.3200847263006397 5.408168323933332 48.765044497442766 -0.748650329614912 -1.6663182644390186 -1.2394643947641033 [1040, 539] [1061, 539] [1061, 601] [1040, 598] [918, 539] [935, 539] [934, 603] [918, 600]
1 64 4.04977447426819 536.7710012842623 555.9146317424908 644.8527389421845 595.7610127883875 1.5 2.1109863249074676 4.507259303405364 46.98428080267121 15.747350250053723 -1.8555552093411345 -1.2315773616612744 [631, 556] [634, 557] [633, 595] [630, 593] [514, 554] [513, 554] [511, 593] [513, 592]
2 99 -0.20502090162891712 714.7910592821504 548.322266320454 745.041342153903 615.376165464157 1.8 0.8190117377790875 0.6220451915054483 31.717339173340076 6.644741112616256 -1.3015937001942044 3.140101542193701 [735, 543] [704, 543] [704, 611] [735, 611] [740, 543] [709, 543] [709, 610] [739, 610]
5 49 2.434374619674761 33.295878726003984 494.33887838584025 48.4149642314928 537.4837032865329 0.9597799777984619 0.5490529046436379 0.19189898232168234 18.38984886929459 20.169648624989957 0.5155798499794026 -0.12430462632050131 [-324, 460] [-295, 460] [-295, 521] [-324, 521] [-339, 460] [-309, 460] [-309, 521] [-339, 521]
5 48 2.3483251522039312 271.50141564223026 463.0461274101471 292.1538819216205 495.86659998204567 0.9899360088669367 0.6288062611569458 0.1836229825194231 29.299633115547316 19.839620107874936 1.6355037607713516 0.19805693752560494 [160, 440] [187, 441] [187, 480] [159, 480] [156, 439] [184, 440] [183, 480] [155, 479]
5 47 2.4472720947951916 286.14764182927706 511.08973216462294 322.7244946971768 539.8155653897115 0.9026808690531392 1.3426594845260937 0.2698402699334559 29.74130717567677 19.302598864001226 0.29576451331849735 0.11863704265829794 [179, 496] [235, 496] [235, 532] [179, 532] [173, 496] [230, 496] [230, 532] [173, 532]
5 46 2.3073296653660584 356.2921990992654 377.02564039214656 414.22337361047175 395.7332066539791 0.6187598505507854 1.890182614437348 0.20876732822102895 30.526552661753037 16.86123171351146 4.31085581232695 0.32962009744404047 [277, 347] [359, 349] [359, 373] [278, 371] [275, 345] [357, 348] [358, 372] [276, 370]
5 43 2.251859624972192 409.1277303417191 346.9845241706128 434.3972723586289 373.3291150268062 0.9222530157846588 1 0.20719611791778703 31.006508191781275 15.789767853863792 5.083854475322454 0.4187204241274384 [347, 314] [390, 317] [390, 352] [347, 349] [347, 313] [389, 315] [389, 351] [347, 348]
4 42 2.3842288028903007 443.69511035888513 340.0719105807544 462.25933265879644 385.2822728638226 1.2436151504516602 0.5953734390082626 0.4377982953156525 31.645356992456765 15.05266546232923 5.046762301004091 0.3133710965529756 [397, 315] [421, 316] [421, 363] [397, 362] [394, 312] [419, 314] [419, 360] [394, 359]
5 50 5.769032289265756 695.7645687862797 507.0694394901517 722.2669632486626 534.8598707468548 1.0178465303900945 0.9921865058772994 0.17 33.62942574281942 7.480055550653448 0.365950304106508 -2.8463026735784696 [725, 497] [689, 497] [689, 533] [725, 533] [724, 497] [689, 497] [689, 533] [724, 533]
4 51 5.7569963248535965 697.7517775947221 463.0647668913192 712.216631541348 499.24185131836987 0.9938309788703918 0.3930247517793141 0.2226678865604949 33.28004203538753 7.5753485408918735 1.443609246017026 -2.839214616715061 [708, 459] [694, 458] [694, 494] [708, 494] [708, 459] [693, 459] [693, 494] [707, 494]
5 103 2.9110106992926643 726.7910554420447 514.8486373482045 750.2067592539861 539.2910942666081 0.8811770422048335 0.82 0.16869680293985234 38.267739488848896 7.566245741984895 0.1567094827671902 0.035380960711760515 [723, 511] [748, 509] [750, 536] [725, 538] [722, 510] [748, 509] [749, 536] [724, 538]
5 104 1.535046961220268 1238.8603650614725 447.5161458381507 1261.437852324649 481.86300817862264 1.4567030606497033 1.9722913179883814 0.1854372941197373 44.22409862585385 -10.664756128808849 2.4773782895607352 1.8431802086273603 [1271, 442] [1244, 446] [1244, 484] [1271, 482] [1275, 442] [1248, 446] [1249, 484] [1276, 482]
5 60 1.4055848994286664 1208.4189546493155 447.68152237305196 1233.9614170197267 462.6893797069352 0.7592672435795816 1.9950581472312783 0.17 46.43675153059415 -10.032017255721204 2.8295215819640593 1.9487740780303802 [1243, 446] [1213, 449] [1213, 468] [1243, 466] [1246, 446] [1217, 449] [1217, 468] [1246, 466]
5 57 1.2873132519074162 1191.770075496846 423.9825233969123 1203.3522889515798 456.3056142214991 1.58 0.97 0.19989542580692765 47.988799114475974 -9.303563089835894 3.550065173466017 2.0457733326641057 [1209, 421] [1194, 423] [1193, 462] [1209, 461] [1213, 421] [1198, 423] [1197, 462] [1213, 461]
4 59 1.3046024745004787 1175.8288232713971 422.6117359705887 1187.1705600463995 449.56527842465744 1.0057530403137207 0.5390378335825772 0.2966334139100464 48.85595118598147 -8.920519203801419 3.763345247836578 2.01758893587952 [1191, 425] [1183, 426] [1183, 451] [1190, 450] [1197, 425] [1189, 426] [1189, 451] [1196, 450]
5 105 6.411484162272758 1207.6307098510379 482.895967137504 1228.4446216420574 508.65693511088733 1 0.7497030407133038 0.16901228091774967 36.393603078990864 -7.7570343477835655 0.9600211092696701 -3.0598911715302215 [1238, 482] [1214, 482] [1214, 515] [1239, 515] [1237, 483] [1213, 483] [1213, 515] [1237, 515]
5 106 3.3434121520004623 1211.4066695137228 502.80973171098736 1224.7296749782354 525.9096350302716 1.0020183068289408 0.5504664336671088 0.1491842714478749 36.64524184969342 -7.763317519517135 0.44283156901136805 0.006944497401577048 [1214, 500] [1232, 500] [1233, 532] [1215, 532] [1215, 499] [1233, 499] [1234, 532] [1216, 532]
5 107 3.176977875275528 1162.7993581681112 534.2205627549001 1191.1764899238547 585.4186983440244 1.74 1.02 0.17 39.04494943836551 -6.844425604285635 -1.1558059799988931 0.13814768805257122 [1164, 539] [1194, 539] [1194, 592] [1164, 592] [1166, 538] [1196, 539] [1196, 592] [1166, 592]
4 108 6.301877084197658 1176.1783744275197 471.5474307282716 1188.0239437525822 506.1676118894661 1.2035265542140816 0.5027392983127943 0.38980909363153976 38.61147103531917 -6.951039223716682 1.2516559897650024 -2.9821670475100786 [1194, 472] [1179, 472] [1182, 509] [1197, 509] [1190, 474] [1176, 474] [1178, 511] [1193, 511]
2 123 0.2793795218369307 1257.1186153591925 543.4825722838943 1286.4505138890643 620.9898603489198 1.8071995317377731 0.7075306883096119 0.6101578281508191 24.58115993213735 -6.370785399279865 -1.1111742507820637 3.115806873799067 [1301, 540] [1266, 540] [1266, 629] [1301, 629] [1293, 541] [1259, 541] [1260, 628] [1294, 628]
5 133 2.7127669369925616 690.208259757781 528.6225947717897 730.8090505633414 549.7980978831177 0.8450396081765481 1.306962751390864 0.16869680293985234 33.77167477110143 7.525557718095857 -0.2838314420344094 0.20957159163289757 [683, 524] [729, 523] [730, 553] [683, 553] [682, 523] [729, 523] [730, 552] [683, 553]
4 138 6.311715365735315 1176.81423105568 475.7724206376066 1188.0672412733506 486.1532666177966 0.3010364124908259 0.29408922108765156 0.25713953337634515 38.61470345712239 -6.95552591662879 1.6194955769551962 -2.991907383685079 [1192, 475] [1183, 475] [1183, 484] [1192, 484] [1189, 476] [1180, 476] [1181, 485] [1190, 485]
4 139 5.763361916354652 698.6451747284068 463.7457995732365 709.4402963237026 474.8220484411794 0.3010364124908259 0.29408922108765156 0.18134361537004898 33.26353048642393 7.564069143765112 1.7828856290784378 -2.84536523316182 [707, 459] [696, 459] [696, 469] [707, 470] [706, 459] [695, 459] [695, 470] [706, 470]
1 145 3.993125024631712 476.0628762074878 552.2111265750956 590.7335965849119 592.4812305957748 1.4998925364709235 2.1109863249074676 4.6 43.78324240817475 17.072839751129134 -1.7321689705608645 -1.2233364087643765 [574, 554] [575, 554] [575, 595] [573, 593] [444, 553] [439, 553] [439, 595] [443, 594]