1 29 3.067521022647325 751.8590104105384 573.5948340096323 1121.9672734415844 881.5684041004849 1.615405797958374 2.2149407863616943 4.523248195648193 7.595890234047455 0.23326466961171458 -1.0501045058118492 0.04337195307016373 [795, 558] [1062, 559] [1061, 753] [795, 753] [690, 582] [1182, 584] [1180, 940] [689, 943]
1 31 3.5634218930583916 1295.8166012119918 603.0281575395983 1763.752161385773 873.9792885453219 1.5186728079416651 2.104976970218756 4.569127957061207 7.19413150455242 -3.6106493180463155 -1.2032573588283495 0.04332774467752603 [1281, 589] [1543, 595] [1540, 786] [1278, 781] [1621, 626] [2121, 636] [2116, 1005] [1615, 1000]
1 32 2.615744004104176 106.04916066265497 565.4276141128474 597.0228477615478 911.331214744116 1.712150123982994 2.1236619208025185 4.498645152128859 6.384977714844557 3.485383149191365 -1.0201337831685704 0.026179938779914938 [339, 557] [630, 558] [628, 793] [335, 792] [-304, 553] [301, 556] [294, 1041] [-315, 1041]
1 33 3.3428419116831347 1137.216822039955 567.7050228130425 1368.4398254873213 713.0916209054018 1.6760526650477003 2.125413731950142 4.6 13.726054935158997 -3.2150586322654653 -1.2435979887240098 0.02883320555422131 [1126, 562] [1283, 564] [1282, 689] [1124, 687] [1202, 567] [1423, 570] [1421, 745] [1200, 743]
1 34 2.871567436766809 528.237150331653 557.8161721336978 771.870389042594 728.9326145551347 1.8499767886696075 2.1620488218201532 4.6 12.883940679243233 3.4453266594961 -1.0958815893263842 0.008726646259971648 [615, 546] [784, 546] [783, 691] [614, 690] [467, 539] [708, 540] [706, 748] [464, 746]
1 35 3.2386400285969574 1086.967475974827 570.5353078813455 1214.1092265524983 658.9560327971515 1.4998925364709235 2.1109863249074676 4.6 21.449382658727718 -3.228316442591848 -1.5101217626697907 0.05233993864803191 [1074, 570] [1179, 570] [1179, 645] [1073, 645] [1113, 575] [1244, 575] [1243, 668] [1113, 668]
1 36 2.960123321679768 716.0493470218169 573.1604389047417 841.8514456319301 658.0685233775362 1.4998925364709235 2.1109863249074676 4.6 21.846941826837764 3.6156551349758583 -1.5020395675655691 0.01745661597526588 [739, 568] [843, 569] [842, 642] [738, 642] [689, 570] [817, 570] [817, 662] [688, 661]
1 37 3.122941168508462 904.3647158866962 560.9950467716903 1013.6855601821336 642.3651332886254 1.6831032635108842 2.1620488218201532 4.501494793433892 22.876578341246365 0.227053807986983 -1.461866509934542 0.008726646259971648 [908, 561] [1010, 561] [1010, 641] [907, 641] [896, 561] [1021, 562] [1020, 659] [896, 658]
1 38 3.234532373006538 1069.251322178333 566.6437844780344 1159.2406470532055 633.8111273295341 1.4998925364709235 2.1109863249074676 4.6 28.689310632562538 -3.179313869896116 -1.6962226970097654 0.01742870803392558 [1051, 568] [1132, 569] [1132, 626] [1051, 626] [1068, 570] [1163, 570] [1163, 638] [1068, 637]
1 41 3.0023529633457855 777.2659102831768 555.1850082328244 865.4658111097228 619.7596077779357 1.7329342938239063 2.1109863249074676 4.507259303405364 29.864348442212954 3.657851407053567 -1.6357476445200332 0.017364513517386767 [795, 559] [873, 560] [872, 624] [794, 623] [770, 558] [861, 560] [860, 634] [769, 633]
1 40 3.211994627719551 1038.2075737587138 556.8474567415095 1107.433290856523 618.9462153643659 1.7329342938239063 2.1109863249074676 4.507259303405364 34.64009912125657 -3.0169865134752962 -1.7177852355246448 0.016474004790489678 [1033, 558] [1102, 559] [1100, 615] [1032, 614] [1045, 559] [1122, 560] [1121, 624] [1043, 622]
1 63 4.502463178887005 1046.22523520308 538.2295332373684 1183.3418331128319 600.4230993697952 2.523079726898441 2.3200847263006397 5.408168323933332 50.48911566934392 -6.1599828652723225 -1.6663182637405265 -1.2394643947641033 [1161, 539] [1187, 540] [1187, 600] [1160, 597] [1047, 539] [1069, 540] [1068, 601] [1047, 598]
1 69 3.8158577029247014 289.9598315566097 557.8162509230851 395.68830433784564 595.7931643118012 1.4998925364709235 2.1109863249074676 4.6 43.72315963988586 25.857906812713004 -1.735850000354736 -1.208337533612526 [346, 553] [338, 553] [337, 594] [345, 592] [208, 552] [193, 552] [192, 594] [207, 593]
2 99 -0.20659491618007778 710.533080918971 547.1167756924643 737.8077330074148 614.1734272494299 1.8 0.8190117377790875 0.6220451915054483 31.707411165651504 6.694776806947653 -1.3015392190792625 3.140101542193701 [733, 543] [702, 543] [702, 611] [733, 611] [738, 543] [707, 543] [707, 610] [737, 610]
5 49 2.434374619674761 33.295878726003984 494.33887838584025 48.4149642314928 537.4837032865329 0.9597799777984619 0.5490529046436379 0.19189898232168234 18.38984886929459 20.169648624989957 0.5155798506778929 -0.12430462632050131 [-324, 460] [-295, 460] [-295, 521] [-324, 521] [-339, 460] [-309, 460] [-309, 521] [-339, 521]
5 48 2.3483251522039312 271.50141564223026 463.0461274101471 292.1538819216205 495.86659998204567 0.9899360088669367 0.6288062611569458 0.1836229825194231 29.299633115547316 19.839620107874936 1.6355037614698422 0.19805693752560494 [160, 440] [187, 441] [187, 480] [159, 480] [156, 439] [184, 440] [183, 480] [155, 479]
5 47 2.4472720947951916 286.14764182927706 511.08973216462294 322.7244946971768 539.8155653897115 0.9026808690531392 1.3426594845260937 0.2698402699334559 29.74130717567677 19.302598864001226 0.2957645140169876 0.11863704265829794 [179, 496] [235, 496] [235, 532] [179, 532] [173, 496] [230, 496] [230, 532] [173, 532]
5 46 2.3073296653660584 356.2921990992654 377.02564039214656 414.22337361047175 395.7332066539791 0.6187598505507854 1.890182614437348 0.20876732822102895 30.526552661753037 16.86123171351146 4.310855813025439 0.32962009744404047 [277, 347] [359, 349] [359, 373] [278, 371] [275, 345] [357, 348] [358, 372] [276, 370]
5 43 2.251859624972192 409.1277303417191 346.9845241706128 434.3972723586289 373.3291150268062 0.9222530157846588 1 0.20719611791778703 31.006508191781275 15.789767853863792 5.083854476020946 0.4187204241274384 [347, 314] [390, 317] [390, 352] [347, 349] [347, 313] [389, 315] [389, 351] [347, 348]
4 42 2.3842288028903007 443.69511035888513 340.0719105807544 462.25933265879644 385.2822728638226 1.2436151504516602 0.5953734390082626 0.4377982953156525 31.645356992456765 15.05266546232923 5.046762301702583 0.3133710965529756 [397, 315] [421, 316] [421, 363] [397, 362] [394, 312] [419, 314] [419, 360] [394, 359]
5 50 5.769032289265756 695.7645687862797 507.0694394901517 722.2669632486626 534.8598707468548 1.0178465303900945 0.9921865058772994 0.17 33.62942574281942 7.480055550653448 0.36595030480499924 -2.8463026735784696 [725, 497] [689, 497] [689, 533] [725, 533] [724, 497] [689, 497] [689, 533] [724, 533]
4 51 5.7569963248535965 697.7517775947221 463.0647668913192 712.216631541348 499.24185131836987 0.9938309788703918 0.3930247517793141 0.2226678865604949 33.28004203538753 7.5753485408918735 1.4436092467155173 -2.839214616715061 [708, 459] [694, 458] [694, 494] [708, 494] [708, 459] [693, 459] [693, 494] [707, 494]
5 103 2.9110106992926643 726.7910554420447 514.8486373482045 750.2067592539861 539.2910942666081 0.8811770422048335 0.82 0.16869680293985234 38.267739488848896 7.566245741984895 0.15670948346568148 0.035380960711760515 [723, 511] [748, 509] [750, 536] [725, 538] [722, 510] [748, 509] [749, 536] [724, 538]
5 104 1.535046961220268 1238.8603650614725 447.5161458381507 1261.437852324649 481.86300817862264 1.4567030606497033 1.9722913179883814 0.1854372941197373 44.22409862585385 -10.664756128808849 2.4773782902592285 1.8431802086273603 [1271, 442] [1244, 446] [1244, 484] [1271, 482] [1275, 442] [1248, 446] [1249, 484] [1276, 482]
5 60 1.4055848994286664 1208.4189546493155 447.68152237305196 1233.9614170197267 462.6893797069352 0.7592672435795816 1.9950581472312783 0.17 46.43675153059415 -10.032017255721204 2.8295215826625526 1.9487740780303802 [1243, 446] [1213, 449] [1213, 468] [1243, 466] [1246, 446] [1217, 449] [1217, 468] [1246, 466]
5 57 1.2873132519074162 1191.770075496846 423.9825233969123 1203.3522889515798 456.3056142214991 1.58 0.97 0.19989542580692765 47.988799114475974 -9.303563089835894 3.5500651741645104 2.0457733326641057 [1209, 421] [1194, 423] [1193, 462] [1209, 461] [1213, 421] [1198, 423] [1197, 462] [1213, 461]
4 59 1.3029029831492396 1175.8288232713971 422.6117359705887 1187.1705600463995 449.56527842465744 1.0057530403137207 0.5390378335825772 0.2966334139100464 48.85177123257175 -8.833991498755827 3.7633452485350714 2.01758893587952 [1189, 425] [1181, 426] [1181, 451] [1188, 450] [1195, 425] [1187, 426] [1186, 451] [1194, 450]
5 105 6.411484162272758 1207.6307098510379 482.895967137504 1228.4446216420574 508.65693511088733 1 0.7497030407133038 0.16901228091774967 36.393603078990864 -7.7570343477835655 0.9600211099681627 -3.0598911715302215 [1238, 482] [1214, 482] [1214, 515] [1239, 515] [1237, 483] [1213, 483] [1213, 515] [1237, 515]
5 106 3.343407552509261 1211.4066695137228 502.80973171098736 1224.7296749782354 525.9096350302716 1.0020183068289408 0.5504664336671088 0.1491842714478749 36.641988553630775 -7.762452208424388 0.43945676622208035 0.006944497401577048 [1214, 500] [1232, 500] [1233, 532] [1215, 532] [1215, 500] [1233, 499] [1234, 532] [1216, 532]
5 107 3.176977875275528 1162.7993581681112 534.2205627549001 1191.1764899238547 585.4186983440244 1.74 1.02 0.17 39.04494943836551 -6.844425604285635 -1.1558059793004005 0.13814768805257122 [1164, 539] [1194, 539] [1194, 592] [1164, 592] [1166, 538] [1196, 539] [1196, 592] [1166, 592]
4 108 6.301877084197658 1176.1783744275197 471.5474307282716 1188.0239437525822 506.1676118894661 1.2035265542140816 0.5027392983127943 0.38980909363153976 38.61147103531917 -6.951039223716682 1.251655990463495 -2.9821670475100786 [1194, 472] [1179, 472] [1182, 509] [1197, 509] [1190, 474] [1176, 474] [1178, 511] [1193, 511]
2 123 0.2793795218369307 1257.4306892814654 542.8584244074005 1284.2659964382653 616.3087514921272 1.8071995317377731 0.7075306883096119 0.6101578281508191 24.58115993213735 -6.370785399279865 -1.111174250083571 3.115806873799067 [1301, 540] [1266, 540] [1266, 629] [1301, 629] [1293, 541] [1259, 541] [1260, 628] [1294, 628]
5 133 2.7127669369925616 690.208259757781 528.6225947717897 730.8090505633414 549.7980978831177 0.8450396081765481 1.306962751390864 0.16869680293985234 33.77167477110143 7.525557718095857 -0.28383144133591814 0.20957159163289757 [683, 524] [729, 523] [730, 553] [683, 553] [682, 523] [729, 523] [730, 552] [683, 553]
4 138 6.312040954905811 1177.1988662278866 475.2485103843887 1188.4478056100356 485.6275140063126 0.3010364124908259 0.29408922108765156 0.25713953337634515 38.63278799224319 -6.97177071071265 1.63770456129454 -2.991907383685079 [1192, 474] [1183, 474] [1184, 483] [1193, 483] [1190, 476] [1181, 476] [1181, 485] [1190, 485]
4 139 5.763361916354652 698.8196241528211 463.8969211170859 709.614745748148 474.97316998514526 0.3010364124908259 0.29408922108765156 0.18134361537004898 33.26353048642393 7.564069143765112 1.782885629776929 -2.84536523316182 [707, 459] [696, 459] [696, 469] [707, 470] [706, 459] [695, 459] [695, 470] [706, 470]