1 29 3.232467340450204 924.3441131936762 492.6222949618518 1013.3452027083614 568.1392876062057 1.6827452515588448 2.2149407863616943 4.523248195648193 27.663666275653302 -0.047697665983084066 0.10678699746890519 -0.08915048955981805 [936, 485] [1024, 484] [1025, 551] [937, 552] [911, 493] [1015, 492] [1016, 571] [913, 571]
1 36 3.0137678225927065 738.9303465271197 517.6934236437145 865.7199967558194 600.8181414934799 1.4998925364709235 2.1109863249074676 4.6 22.60168547200553 3.1835951405724567 -0.3683099997802133 -0.012111082861625187 [770, 503] [870, 504] [870, 575] [770, 574] [721, 514] [844, 515] [844, 603] [721, 601]
1 41 3.1096643856435806 891.3657805247406 468.85368401942065 953.9150152044922 520.6080943185013 1.7329342938239063 2.1109863249074676 4.507259303405364 41.22508158283645 1.6869195918961535 1.2548861340126014 -0.0089686552812608 [897, 465] [955, 466] [954, 513] [896, 512] [887, 470] [952, 471] [951, 524] [886, 522]
1 85 5.4634789317819 0 521.6809250469864 234.43855833220974 704.5999126325888 1.7327142796684367 2.2005753338240392 4.503224263118411 9.861187587138359 9.873157774662802 -0.733926477703828 -3.107891007748045 [-368, 511] [-715, 511] [-702, 777] [-357, 775] [109, 506] [-109, 507] [-103, 675] [113, 674]
1 86 -0.5374549249188035 231.53586802222378 512.8848174154293 396.1347876735098 603.9404166570279 1.697996486447091 2.2005753338240392 4.503224263118411 20.752560463208617 13.426412806282341 -0.40025376595505235 3.1048009867280464 [175, 503] [40, 503] [45, 611] [179, 611] [339, 498] [229, 498] [232, 585] [341, 585]
1 87 -0.2375763832881445 570.9709462658602 498.53388534455763 675.0408429532512 558.8327964473126 1.5 2.2005753338240392 4.503224263118411 30.286993567590965 9.078578936150274 0.12080712585946124 3.087940022005928 [627, 496] [536, 496] [537, 559] [628, 559] [683, 492] [604, 492] [605, 546] [684, 546]
1 88 -0.05593462183968212 779.4012999065482 470.8637432074514 843.595806583628 514.0887154015464 1.7686399842870226 2.1109863249074676 4.6 46.1853105281636 6.836531028934877 1.7865463887968127 3.0505704756501357 [808, 461] [752, 463] [754, 510] [809, 509] [833, 457] [782, 458] [784, 501] [835, 500]
1 89 -0.12661696158399668 697.5160042538934 464.9086458783317 773.5862431970812 511.43989014762053 1.4966851721157868 2.1109863249074676 4.6 48.55453920176021 10.260020452282582 1.7312811436641846 3.0599638563651683 [729, 469] [676, 471] [678, 509] [730, 508] [759, 464] [711, 465] [712, 500] [761, 499]
1 93 -0.2736984378028349 538.4547607064181 497.04946471863127 633.6618408283938 547.919755321163 1.5 2.097181670653796 4.503224263118411 34.979212447586356 11.87781532717605 0.35979535300487175 3.087940022005928 [573, 491] [499, 491] [500, 546] [574, 546] [629, 488] [563, 488] [564, 536] [629, 536]
1 37 3.1810105238738897 991.9701012656768 476.4530744423491 1051.8428939364937 525.0158250124979 1.6831032635108842 2.1620488218201532 4.501494793433892 39.48706280085806 -1.7913960241400846 1.1725266479986458 0.005917701297011903 [990, 466] [1052, 464] [1053, 512] [992, 514] [994, 474] [1063, 471] [1064, 525] [995, 527]
3 97 2.404668064516733 1795.6666358002844 556.1592121053249 1920.0 797.3827188511395 1.7186894619596222 0.792771772943536 1.8890269704049045 5.504304218534691 -6.145386478164145 -0.994682901057939 1.5772972852744462 [2187, 560] [2022, 563] [2029, 915] [2197, 968] [2634, 566] [2408, 568] [2419, 921] [2649, 974]
1 101 -0.31970590279880184 199.06747453173213 517.2614928929584 312.3380255888995 573.1792285736203 1.697996486447091 2.2005753338240392 4.503224263118411 33.28031949590785 23.889966484112495 0.037969934001390676 2.838699076016138 [70, 495] [10, 495] [13, 559] [72, 560] [224, 493] [169, 493] [171, 549] [226, 550]
2 102 5.497827320920992 182.03184844263262 600.5431919233463 241.83474312574856 719.1688594155348 1.0638923489141408 0.5974814018114898 0.8600136032749708 8.942753419677578 7.147099429501219 -1.1116342440442362 -3.030491087323875 [31, 605] [-57, 606] [-54, 753] [35, 751] [104, 597] [24, 598] [27, 731] [107, 730]
5 114 5.179440002989652 231.21163272300504 384.9912754173383 307.1513013341808 463.42251767620866 0.9360538258972415 0.9328370931714999 0.15417863121103798 9.98210335003974 7.003323902098341 1.1633329859153434 -2.6496382891351784 [207, 336] [74, 328] [71, 438] [206, 442] [209, 341] [78, 333] [75, 442] [207, 446]
5 115 5.872367854866017 572.8351471679833 385.5391007391104 605.3590613988821 430.7365053856959 1.0374072135219257 0.8230375899114254 0.15417863121103798 20.378233966431573 6.857433132332119 2.250541366620708 -3.055379981437107 [592, 363] [544, 368] [549, 428] [598, 423] [594, 365] [546, 370] [551, 429] [600, 425]
4 116 5.631301366399392 223.0137719169106 268.7077294809214 266.7712903166312 372.860161387425 1.145844817811646 0.4874904661278866 0.36250007977828236 10.145478901707229 7.4773920793658535 2.2228145380217357 -3.1248488963677215 [118, 194] [60, 194] [53, 327] [111, 326] [147, 210] [91, 210] [84, 338] [140, 337]
4 117 1.9643583846318733 1760.14402487535 260.5582163384825 1804.5346098628318 390.2732089717077 1.4728641500160233 0.45 0.38980909363153976 10.020145990927102 -8.805278323456166 2.110136967491671 1.898188444881916 [2032, 182] [1971, 204] [1997, 372] [2060, 357] [2064, 186] [2002, 208] [2028, 374] [2092, 360]
4 118 6.469873113880787 1331.336521652737 297.5738213568026 1371.0264872398911 386.35639988763285 1.0680303458274665 0.38713832756197947 0.29006022149575594 13.346418993915064 -4.481518505898694 2.1840895046811166 -3.004325623427073 [1391, 285] [1358, 284] [1366, 378] [1400, 378] [1379, 293] [1347, 293] [1354, 385] [1387, 385]
4 119 6.9128606601154825 1812.9071436308652 300.11279677395254 1850.02305909081 389.8192324820342 1.0680303458274665 0.38713832756197947 0.29006022149575594 10.08351470815019 -9.693411072521252 2.0567036337929596 -3.00559247633785 [2168, 220] [2127, 219] [2132, 349] [2173, 349] [2129, 229] [2089, 229] [2094, 355] [2134, 355]
5 126 0.8852141915899211 1820.9555006659741 391.36345934425526 1869.6620819150821 477.66166851258487 1.2171155664154385 0.919968608329794 0.19450105559438247 9.812302744116911 -9.721788448584928 1.0443799686497255 3.0371430006822986 [2231, 329] [2105, 331] [2121, 478] [2249, 477] [2209, 336] [2085, 338] [2100, 482] [2226, 482]
4 136 6.460356375750092 1335.0994648330654 299.9069427375934 1360.7144480655222 325.7298895805705 0.3010364124908259 0.29408922108765156 0.25713953337634515 13.397474557822223 -4.486800260115688 2.5489131304076538 -2.995604768615726 [1389, 287] [1364, 286] [1366, 312] [1391, 313] [1378, 294] [1353, 294] [1355, 319] [1380, 320]
1 144 0.7540130344036089 -1 -1 -1 -1 1.911453738310358 2.3093566759946658 4.503224263118411 22.89712505691969 41.79002157347723 -0.6735239714985802 1.3180196404080944 [-1329, 502] [-1098, 504] [-1096, 594] [-1326, 602] [-1215, 508] [-983, 509] [-981, 603] [-1213, 612]